1              -198.6239   12.9261    5.3536    --------  0.006  15:47:55
2              -198.6259   12.9268    5.3498    --------  0.006  15:47:56
3              -198.6260   12.9262    5.3488    --------  0.006  15:47:57
4              -198.6278   12.9281    5.3512    --------  0.006  15:47:58
5              -198.6278   12.9269    5.3533    --------  0.006  15:47:59
6              -198.6277   12.9271    5.3580    --------  0.006  15:48:00
7              -198.6287   12.9261    5.3627    --------  0.006  15:48:02
8              -198.6285   12.9274    5.3662    --------  0.006  15:48:03
9              -198.6295   12.9264    5.3704    --------  0.006  15:48:04
10             -198.6274   12.9272    5.3729    --------  0.006  15:48:05
11             -198.6285   12.9261    5.3744    --------  0.006  15:48:06
12             -198.6265   12.9258    5.3735    --------  0.006  15:48:07
13             -198.6275   12.9260    5.3731    --------  0.006  15:48:08
14             -198.6275   12.9261    5.3715    --------  0.006  15:48:09
15             -198.6285   12.9265    5.3706    --------  0.006  15:48:10
16             -198.6285   12.9266    5.3705    --------  0.006  15:48:11
17             -198.6267   12.9253    5.3682    --------  0.006  15:48:12
18             -198.6277   12.9245    5.3688    --------  0.006  15:48:13
19             -198.6255   12.9262    5.3699    --------  0.006  15:48:14
20             -198.6275   12.9270    5.3707    --------  0.006  15:48:15
21             -198.6285   12.9262    5.3707    --------  0.006  15:48:16
22             -198.6285   12.9266    5.3706    --------  0.006  15:48:17
23             -198.6264   12.9273    5.3704    --------  0.006  15:48:18
24             -198.6284   12.9279    5.3707    --------  0.006  15:48:19
25             -198.6285   12.9264    5.3697    --------  0.006  15:48:21
26             -198.6283   12.9285    5.3707    --------  0.006  15:48:22
27             -198.6285   12.9270    5.3687    --------  0.006  15:48:23
28             -198.6285   12.9272    5.3678    --------  0.006  15:48:24
29             -198.6276   12.9263    5.3673    --------  0.006  15:48:25
30             -198.6266   12.9263    5.3658    --------  0.006  15:48:26
31             -198.6267   12.9263    5.3631    --------  0.006  15:48:28
32             -198.6257   12.9259    5.3631    --------  0.006  15:48:29
33             -198.6257   12.9256    5.3637    --------  0.006  15:48:30
34             -198.6267   12.9259    5.3629    --------  0.006  15:48:31
35             -198.6258   12.9253    5.3630    --------  0.006  15:48:32
36             -198.6268   12.9249    5.3631    --------  0.006  15:48:33
37             -198.6257   12.9261    5.3639    --------  0.006  15:48:34
38             -198.6277   12.9263    5.3646    --------  0.006  15:48:35
39             -198.6248   12.9251    5.3635    --------  0.006  15:48:36
40             -198.6256   12.9275    5.3628    --------  0.006  15:48:37
41             -198.6248   12.9254    5.3611    --------  0.006  15:48:38
42             -198.6269   12.9253    5.3597    --------  0.006  15:48:40
43             -198.6270   12.9244    5.3581    --------  0.006  15:48:41
44             -198.6266   12.9282    5.3600    --------  0.006  15:48:42
45             -198.6267   12.9272    5.3596    --------  0.006  15:48:43
46             -198.6268   12.9256    5.3592    --------  0.006  15:48:44
47             -198.6279   12.9253    5.3602    --------  0.006  15:48:45
48             -198.6277   12.9267    5.3610    --------  0.006  15:48:46
49             -198.6257   12.9261    5.3620    --------  0.006  15:48:47
50             -198.6268   12.9249    5.3633    --------  0.006  15:48:48
51             -198.6256   12.9264    5.3656    --------  0.006  15:48:49
52             -198.6256   12.9264    5.3666    --------  0.006  15:48:50
53             -198.6245   12.9266    5.3688    --------  0.006  15:48:51
54             -198.6277   12.9250    5.3689    --------  0.006  15:48:52
55             -198.6277   12.9245    5.3681    --------  0.006  15:48:54
56             -198.6255   12.9269    5.3700    --------  0.006  15:48:55
57             -198.6265   12.9269    5.3683    --------  0.006  15:48:56
58             -198.6277   12.9259    5.3655    --------  0.006  15:48:57
59             -198.6267   12.9263    5.3629    --------  0.006  15:48:58
60             -198.6257   12.9273    5.3583    --------  0.006  15:48:59
61             -198.6259   12.9264    5.3542    --------  0.006  15:48:60
62             -198.6238   12.9275    5.3504    --------  0.006  15:49:01
63             -198.6260   12.9270    5.3465    --------  0.006  15:49:02
64             -198.6240   12.9271    5.3427    --------  0.006  15:49:03
65             -198.6270   12.9271    5.3456    --------  0.006  15:49:05
66             -198.6289   12.9275    5.3497    --------  0.006  15:49:06
67             -198.6277   12.9285    5.3544    --------  0.006  15:49:07
68             -198.6297   12.9277    5.3593    --------  0.006  15:49:08
69             -198.6287   12.9265    5.3640    --------  0.006  15:49:09
70             -198.6295   12.9268    5.3702    --------  0.006  15:49:10
71             -198.6273   12.9278    5.3736    --------  0.006  15:49:11
72             -198.6295   12.9253    5.3748    --------  0.006  15:49:12
73             -198.6296   12.9245    5.3776    --------  0.006  15:49:13
74             -198.6283   12.9267    5.3776    --------  0.006  15:49:14
75             -198.6275   12.9244    5.3777    --------  0.006  15:49:15
76             -198.6274   12.9262    5.3786    --------  0.006  15:49:16
77             -198.6264   12.9257    5.3775    --------  0.006  15:49:17
78             -198.6265   12.9250    5.3766    --------  0.006  15:49:18
79             -198.6255   12.9258    5.3734    --------  0.006  15:49:19
80             -198.6267   12.9252    5.3693    --------  0.006  15:49:20
81             -198.6257   12.9255    5.3650    --------  0.006  15:49:21
82             -198.6258   12.9259    5.3595    --------  0.006  15:49:22
83             -198.6278   12.9267    5.3554    --------  0.006  15:49:23
84             -198.6241   12.9249    5.3495    --------  0.006  15:49:24
85             -198.6258   12.9285    5.3485    --------  0.006  15:49:25
86             -198.6257   12.9287    5.3499    --------  0.006  15:49:27
87             -198.6267   12.9283    5.3549    --------  0.006  15:49:28
88             -198.6256   12.9283    5.3602    --------  0.006  15:49:29
89             -198.6276   12.9268    5.3651    --------  0.006  15:49:30
90             -198.6256   12.9258    5.3686    --------  0.006  15:49:31
91             -198.6255   12.9267    5.3717    --------  0.006  15:49:32
92             -198.6246   12.9249    5.3737    --------  0.006  15:49:33
93             -198.6254   12.9265    5.3746    --------  0.006  15:49:34
94             -198.6257   12.9252    5.3694    --------  0.006  15:49:35
95             -198.6246   12.9266    5.3651    --------  0.006  15:49:37
96             -198.6238   12.9262    5.3602    --------  0.006  15:49:38
97             -198.6249   12.9259    5.3545    --------  0.006  15:49:39
98             -198.6248   12.9278    5.3519    --------  0.006  15:49:40
99             -198.6269   12.9271    5.3508    --------  0.006  15:49:41
100            -198.6278   12.9282    5.3518    --------  0.006  15:49:42
101            -198.6289   12.9268    5.3536    --------  0.006  15:49:44
102            -198.6298   12.9268    5.3560    --------  0.006  15:49:45
103            -198.6287   12.9276    5.3584    --------  0.006  15:49:46
104            -198.6287   12.9263    5.3612    --------  0.006  15:49:47
105            -198.6286   12.9276    5.3631    --------  0.006  15:49:48
106            -198.6276   12.9271    5.3632    --------  0.006  15:49:49
107            -198.6277   12.9263    5.3648    --------  0.006  15:49:50
108            -198.6276   12.9264    5.3649    --------  0.006  15:49:51
109            -198.6287   12.9254    5.3652    --------  0.006  15:49:52
110            -198.6286   12.9263    5.3658    --------  0.006  15:49:53
111            -198.6286   12.9261    5.3664    --------  0.006  15:49:54
112            -198.6277   12.9257    5.3653    --------  0.006  15:49:55
113            -198.6288   12.9252    5.3647    --------  0.006  15:49:56
114            -198.6278   12.9248    5.3632    --------  0.006  15:49:57
115            -198.6277   12.9265    5.3622    --------  0.006  15:49:59
116            -198.6267   12.9266    5.3608    --------  0.006  15:49:60
117            -198.6258   12.9262    5.3591    --------  0.006  15:50:01
118            -198.6269   12.9257    5.3573    --------  0.006  15:50:02
119            -198.6259   12.9255    5.3564    --------  0.006  15:50:03
120            -198.6258   12.9264    5.3557    --------  0.006  15:50:04
121            -198.6278   12.9268    5.3551    --------  0.006  15:50:05
122            -198.6267   12.9277    5.3549    --------  0.006  15:50:06
123            -198.6261   12.9244    5.3516    --------  0.006  15:50:07
124            -198.6269   12.9263    5.3515    --------  0.006  15:50:08
125            -198.6259   12.9271    5.3512    --------  0.006  15:50:09
126            -198.6260   12.9263    5.3496    --------  0.006  15:50:10
127            -198.6259   12.9273    5.3500    --------  0.006  15:50:11
128            -198.6258   12.9281    5.3498    --------  0.006  15:50:12
129            -198.6269   12.9274    5.3497    --------  0.006  15:50:13
130            -198.6259   12.9268    5.3497    --------  0.006  15:50:14
131            -198.6260   12.9255    5.3504    --------  0.006  15:50:16
132            -198.6259   12.9262    5.3517    --------  0.006  15:50:17
133            -198.6251   12.9239    5.3527    --------  0.006  15:50:18
134            -198.6259   12.9252    5.3556    --------  0.006  15:50:19
135            -198.6271   12.9235    5.3557    --------  0.006  15:50:20
136            -198.6271   12.9236    5.3548    --------  0.006  15:50:21
137            -198.6260   12.9256    5.3517    --------  0.006  15:50:22
138            -198.6262   12.9241    5.3488    --------  0.006  15:50:23
139            -198.6251   12.9258    5.3458    --------  0.006  15:50:24
140            -198.6250   12.9277    5.3421    --------  0.006  15:50:25
141            -198.6251   12.9272    5.3391    --------  0.006  15:50:26
142            -198.6250   12.9285    5.3386    --------  0.006  15:50:27
143            -198.6230   12.9283    5.3401    --------  0.006  15:50:28
144            -198.6249   12.9281    5.3435    --------  0.006  15:50:29
145            -198.6278   12.9288    5.3482    --------  0.006  15:50:31
146            -198.6287   12.9284    5.3546    --------  0.006  15:50:32
147            -198.6277   12.9272    5.3578    --------  0.006  15:50:33
148            -198.6277   12.9267    5.3606    --------  0.006  15:50:34
149            -198.6267   12.9257    5.3652    --------  0.006  15:50:35
150            -198.6266   12.9264    5.3675    --------  0.006  15:50:36
151            -198.6267   12.9255    5.3684    --------  0.006  15:50:37
152            -198.6276   12.9254    5.3698    --------  0.006  15:50:38
153            -198.6266   12.9255    5.3705    --------  0.006  15:50:39
154            -198.6277   12.9246    5.3716    --------  0.006  15:50:40
155            -198.6276   12.9252    5.3722    --------  0.006  15:50:41
156            -198.6277   12.9245    5.3710    --------  0.006  15:50:42
157            -198.6267   12.9238    5.3715    --------  0.006  15:50:43
158            -198.6266   12.9252    5.3710    --------  0.006  15:50:44
159            -198.6268   12.9233    5.3725    --------  0.006  15:50:45
160            -198.6267   12.9238    5.3742    --------  0.006  15:50:46
161            -198.6287   12.9236    5.3746    --------  0.006  15:50:47
162            -198.6276   12.9246    5.3752    --------  0.006  15:50:48
163            -198.6286   12.9242    5.3762    --------  0.006  15:50:49
164            -198.6264   12.9258    5.3762    --------  0.006  15:50:50
165            -198.6264   12.9259    5.3786    --------  0.006  15:50:52
166            -198.6264   12.9252    5.3793    --------  0.006  15:50:53
167            -198.6264   12.9259    5.3805    --------  0.006  15:50:54
168            -198.6273   12.9265    5.3810    --------  0.006  15:50:55
169            -198.6281   12.9281    5.3823    --------  0.006  15:50:56
170            -198.6266   12.9242    5.3782    --------  0.006  15:50:57
171            -198.6265   12.9252    5.3781    --------  0.006  15:50:58
172            -198.6264   12.9266    5.3771    --------  0.006  15:50:59
173            -198.6265   12.9255    5.3761    --------  0.006  15:51:01
174            -198.6276   12.9245    5.3746    --------  0.006  15:51:02
175            -198.6255   12.9260    5.3736    --------  0.006  15:51:03
176            -198.6265   12.9263    5.3712    --------  0.006  15:51:04
177            -198.6268   12.9238    5.3704    --------  0.006  15:51:05
178            -198.6287   12.9251    5.3685    --------  0.006  15:51:06
179            -198.6248   12.9242    5.3675    --------  0.006  15:51:07
180            -198.6268   12.9247    5.3652    --------  0.006  15:51:08
181            -198.6276   12.9265    5.3645    --------  0.006  15:51:09
182            -198.6268   12.9253    5.3622    --------  0.006  15:51:10
183            -198.6279   12.9244    5.3598    --------  0.006  15:51:11
184            -198.6259   12.9252    5.3593    --------  0.006  15:51:12
185            -198.6270   12.9233    5.3617    --------  0.006  15:51:13
186            -198.6269   12.9243    5.3612    --------  0.006  15:51:14
187            -198.6247   12.9262    5.3635    --------  0.006  15:51:15
188            -198.6267   12.9264    5.3637    --------  0.006  15:51:16
189            -198.6266   12.9266    5.3659    --------  0.006  15:51:17
190            -198.6267   12.9257    5.3653    --------  0.006  15:51:18
191            -198.6277   12.9262    5.3653    --------  0.006  15:51:19
192            -198.6267   12.9257    5.3656    --------  0.006  15:51:20
193            -198.6267   12.9254    5.3650    --------  0.006  15:51:21
194            -198.6266   12.9265    5.3648    --------  0.006  15:51:22
195            -198.6257   12.9264    5.3640    --------  0.006  15:51:23
196            -198.6276   12.9272    5.3645    --------  0.006  15:51:24
197            -198.6256   12.9273    5.3645    --------  0.006  15:51:25
198            -198.6258   12.9253    5.3617    --------  0.006  15:51:26
199            -198.6268   12.9255    5.3597    --------  0.006  15:51:27
200            -198.6258   12.9263    5.3568    --------  0.006  15:51:28
201            -198.6258   12.9275    5.3543    --------  0.006  15:51:29
202            -198.6260   12.9268    5.3462    --------  0.006  15:51:31
203            -198.6251   12.9283    5.3357    --------  0.006  15:51:32
204            -198.6263   12.9278    5.3301    --------  0.006  15:51:33
205            -198.6250   12.9311    5.3270    --------  0.006  15:51:34
206            -198.6263   12.9287    5.3250    --------  0.006  15:51:35
207            -198.6261   12.9298    5.3288    --------  0.006  15:51:36
208            -198.6290   12.9297    5.3338    --------  0.006  15:51:37
209            -198.6277   12.9316    5.3406    --------  0.006  15:51:38
210            -198.6269   12.9284    5.3464    --------  0.006  15:51:39
211            -198.6266   12.9301    5.3521    --------  0.006  15:51:40
212            -198.6267   12.9283    5.3561    --------  0.006  15:51:42
213            -198.6267   12.9275    5.3580    --------  0.006  15:51:43
214            -198.6266   12.9288    5.3585    --------  0.006  15:51:44
215            -198.6278   12.9265    5.3580    --------  0.006  15:51:45
216            -198.6265   12.9290    5.3589    --------  0.006  15:51:46
217            -198.6268   12.9270    5.3567    --------  0.006  15:51:47
218            -198.6258   12.9266    5.3576    --------  0.006  15:51:48
219            -198.6265   12.9292    5.3590    --------  0.006  15:51:49
220            -198.6266   12.9280    5.3595    --------  0.006  15:51:50
221            -198.6266   12.9287    5.3591    --------  0.006  15:51:51
222            -198.6266   12.9278    5.3584    --------  0.006  15:51:52
223            -198.6257   12.9273    5.3594    --------  0.006  15:51:53
224            -198.6267   12.9277    5.3579    --------  0.006  15:51:54
225            -198.6269   12.9254    5.3560    --------  0.006  15:51:55
226            -198.6259   12.9253    5.3569    --------  0.006  15:51:57
227            -198.6249   12.9257    5.3555    --------  0.006  15:51:58
228            -198.6269   12.9254    5.3559    --------  0.006  15:51:59
229            -198.6258   12.9267    5.3559    --------  0.006  15:51:60
230            -198.6268   12.9260    5.3580    --------  0.006  15:52:01
231            -198.6240   12.9248    5.3559    --------  0.006  15:52:02
232            -198.6257   12.9268    5.3590    --------  0.006  15:52:03
233            -198.6247   12.9270    5.3592    --------  0.006  15:52:04
234            -198.6259   12.9254    5.3582    --------  0.006  15:52:05
235            -198.6249   12.9246    5.3590    --------  0.006  15:52:06
236            -198.6256   12.9277    5.3613    --------  0.006  15:52:07
237            -198.6256   12.9274    5.3624    --------  0.006  15:52:08
238            -198.6255   12.9283    5.3625    --------  0.006  15:52:09
239            -198.6254   12.9287    5.3639    --------  0.006  15:52:10
240            -198.6256   12.9270    5.3627    --------  0.006  15:52:11
241            -198.6265   12.9282    5.3636    --------  0.006  15:52:12
242            -198.6257   12.9268    5.3617    --------  0.006  15:52:13
243            -198.6254   12.9291    5.3650    --------  0.006  15:52:14
244            -198.6257   12.9264    5.3640    --------  0.006  15:52:16
245            -198.6247   12.9259    5.3653    --------  0.006  15:52:17
246            -198.6255   12.9274    5.3652    --------  0.006  15:52:18
247            -198.6256   12.9268    5.3650    --------  0.006  15:52:19
248            -198.6265   12.9279    5.3671    --------  0.006  15:52:20
249            -198.6244   12.9278    5.3693    --------  0.006  15:52:21
250            -198.6273   12.9288    5.3707    --------  0.006  15:52:22
251            -198.6273   12.9289    5.3725    --------  0.006  15:52:23
252            -198.6256   12.9253    5.3728    --------  0.006  15:52:24
253            -198.6265   12.9268    5.3718    --------  0.006  15:52:25
254            -198.6275   12.9269    5.3708    --------  0.006  15:52:26
255            -198.6256   12.9259    5.3698    --------  0.006  15:52:27
256            -198.6244   12.9285    5.3687    --------  0.006  15:52:28
257            -198.6263   12.9296    5.3668    --------  0.006  15:52:29
258            -198.6254   12.9294    5.3647    --------  0.006  15:52:30
259            -198.6246   12.9280    5.3593    --------  0.006  15:52:31
260            -198.6266   12.9287    5.3564    --------  0.006  15:52:32
261            -198.6257   12.9288    5.3532    --------  0.006  15:52:34
262            -198.6257   12.9282    5.3541    --------  0.006  15:52:35
263            -198.6258   12.9271    5.3551    --------  0.006  15:52:36
264            -198.6266   12.9287    5.3592    --------  0.006  15:52:37
265            -198.6247   12.9265    5.3619    --------  0.006  15:52:38
266            -198.6263   12.9297    5.3669    --------  0.006  15:52:39
267            -198.6255   12.9266    5.3688    --------  0.006  15:52:40
268            -198.6252   12.9286    5.3745    --------  0.006  15:52:41
269            -198.6272   12.9287    5.3760    --------  0.006  15:52:42
270            -198.6261   12.9291    5.3780    --------  0.006  15:52:43
271            -198.6252   12.9278    5.3789    --------  0.006  15:52:44
272            -198.6264   12.9261    5.3776    --------  0.006  15:52:46
273            -198.6244   12.9266    5.3764    --------  0.006  15:52:47
274            -198.6263   12.9270    5.3770    --------  0.006  15:52:48
275            -198.6245   12.9254    5.3754    --------  0.006  15:52:49
276            -198.6254   12.9268    5.3754    --------  0.006  15:52:50
277            -198.6264   12.9267    5.3740    --------  0.006  15:52:51
278            -198.6244   12.9269    5.3736    --------  0.006  15:52:52
279            -198.6253   12.9283    5.3744    --------  0.006  15:52:53
280            -198.6264   12.9273    5.3738    --------  0.006  15:52:54
281            -198.6255   12.9263    5.3710    --------  0.006  15:52:55
282            -198.6254   12.9267    5.3735    --------  0.006  15:52:56
283            -198.6255   12.9267    5.3715    --------  0.006  15:52:57
284            -198.6275   12.9276    5.3689    --------  0.006  15:52:59
285            -198.6256   12.9267    5.3672    --------  0.006  15:52:60
286            -198.6274   12.9289    5.3678    --------  0.006  15:53:01
287            -198.6263   12.9293    5.3667    --------  0.006  15:53:02
288            -198.6264   12.9285    5.3657    --------  0.006  15:53:03
289            -198.6265   12.9275    5.3656    --------  0.006  15:53:04
290            -198.6274   12.9292    5.3648    --------  0.006  15:53:05
291            -198.6265   12.9280    5.3629    --------  0.006  15:53:06
292            -198.6265   12.9281    5.3621    --------  0.006  15:53:07
293            -198.6286   12.9276    5.3616    --------  0.006  15:53:08
294            -198.6267   12.9267    5.3616    --------  0.006  15:53:09
295            -198.6256   12.9279    5.3590    --------  0.006  15:53:11
296            -198.6285   12.9294    5.3600    --------  0.006  15:53:12
297            -198.6276   12.9283    5.3581    --------  0.006  15:53:13
298            -198.6286   12.9280    5.3591    --------  0.006  15:53:14
299            -198.6278   12.9263    5.3578    --------  0.006  15:53:15
300            -198.6277   12.9273    5.3572    --------  0.006  15:53:16
301            -198.6289   12.9261    5.3566    --------  0.006  15:53:17
302            -198.6267   12.9283    5.3561    --------  0.006  15:53:18
303            -198.6278   12.9272    5.3561    --------  0.006  15:53:19
304            -198.6279   12.9262    5.3545    --------  0.006  15:53:20
305            -198.6289   12.9264    5.3540    --------  0.006  15:53:21
306            -198.6249   12.9264    5.3529    --------  0.006  15:53:22
307            -198.6260   12.9256    5.3491    --------  0.006  15:53:23
308            -198.6270   12.9259    5.3488    --------  0.006  15:53:24
309            -198.6260   12.9264    5.3468    --------  0.006  15:53:25
310            -198.6261   12.9256    5.3461    --------  0.006  15:53:26
311            -198.6271   12.9252    5.3464    --------  0.006  15:53:27
312            -198.6263   12.9241    5.3457    --------  0.006  15:53:28
313            -198.6251   12.9256    5.3474    --------  0.006  15:53:30
314            -198.6260   12.9261    5.3474    --------  0.006  15:53:31
315            -198.6273   12.9227    5.3475    --------  0.006  15:53:32
316            -198.6253   12.9225    5.3496    --------  0.006  15:53:33
317            -198.6250   12.9252    5.3524    --------  0.006  15:53:34
318            -198.6262   12.9225    5.3546    --------  0.006  15:53:35
319            -198.6263   12.9219    5.3542    --------  0.006  15:53:36
320            -198.6262   12.9224    5.3557    --------  0.006  15:53:38
321            -198.6261   12.9231    5.3568    --------  0.006  15:53:39
322            -198.6261   12.9235    5.3562    --------  0.006  15:53:40
323            -198.6270   12.9236    5.3591    --------  0.006  15:53:41
324            -198.6271   12.9231    5.3578    --------  0.006  15:53:42
325            -198.6271   12.9228    5.3605    --------  0.006  15:53:43
326            -198.6249   12.9251    5.3601    --------  0.006  15:53:44
327            -198.6258   12.9256    5.3610    --------  0.006  15:53:45
328            -198.6240   12.9234    5.3616    --------  0.006  15:53:46
329            -198.6258   12.9253    5.3639    --------  0.006  15:53:48
330            -198.6280   12.9229    5.3642    --------  0.006  15:53:49
331            -198.6260   12.9228    5.3650    --------  0.006  15:53:50
332            -198.6258   12.9245    5.3658    --------  0.006  15:53:51
333            -198.6278   12.9248    5.3667    --------  0.006  15:53:52
334            -198.6258   12.9239    5.3684    --------  0.006  15:53:53
335            -198.6267   12.9248    5.3706    --------  0.006  15:53:54
336            -198.6260   12.9210    5.3709    --------  0.006  15:53:55
337            -198.6268   12.9226    5.3714    --------  0.006  15:53:56
338            -198.6247   12.9233    5.3728    --------  0.006  15:53:57
339            -198.6258   12.9231    5.3730    --------  0.006  15:53:58
340            -198.6257   12.9242    5.3736    --------  0.006  15:53:59
341            -198.6266   12.9248    5.3743    --------  0.006  15:54:00
342            -198.6275   12.9259    5.3755    --------  0.006  15:54:01
343            -198.6274   12.9262    5.3754    --------  0.006  15:54:02
344            -198.6275   12.9251    5.3764    --------  0.006  15:54:03
345            -198.6284   12.9259    5.3772    --------  0.006  15:54:04
346            -198.6274   12.9260    5.3783    --------  0.006  15:54:06
347            -198.6264   12.9260    5.3777    --------  0.006  15:54:07
348            -198.6264   12.9261    5.3770    --------  0.006  15:54:08
349            -198.6274   12.9263    5.3764    --------  0.006  15:54:09
350            -198.6274   12.9258    5.3769    --------  0.006  15:54:10
351            -198.6283   12.9269    5.3784    --------  0.006  15:54:11
352            -198.6261   12.9278    5.3817    --------  0.006  15:54:12
353            -198.6263   12.9256    5.3822    --------  0.006  15:54:13
354            -198.6273   12.9263    5.3829    --------  0.006  15:54:14
355            -198.6273   12.9257    5.3822    --------  0.006  15:54:15
356            -198.6244   12.9252    5.3819    --------  0.006  15:54:16
357            -198.6264   12.9252    5.3792    --------  0.006  15:54:18
358            -198.6275   12.9259    5.3725    --------  0.006  15:54:19
359            -198.6275   12.9278    5.3661    --------  0.006  15:54:20
360            -198.6246   12.9276    5.3615    --------  0.006  15:54:21
361            -198.6257   12.9284    5.3540    --------  0.006  15:54:22
362            -198.6266   12.9295    5.3516    --------  0.006  15:54:23
363            -198.6277   12.9291    5.3515    --------  0.006  15:54:24
364            -198.6267   12.9280    5.3534    --------  0.006  15:54:25
365            -198.6277   12.9267    5.3590    --------  0.006  15:54:26
366            -198.6275   12.9283    5.3626    --------  0.006  15:54:27
367            -198.6275   12.9280    5.3654    --------  0.006  15:54:28
368            -198.6275   12.9278    5.3645    --------  0.006  15:54:29
369            -198.6256   12.9276    5.3635    --------  0.006  15:54:30
370            -198.6256   12.9273    5.3617    --------  0.006  15:54:31
371            -198.6268   12.9264    5.3569    --------  0.006  15:54:32
372            -198.6248   12.9274    5.3529    --------  0.006  15:54:34
373            -198.6267   12.9292    5.3510    --------  0.006  15:54:35
374            -198.6260   12.9276    5.3445    --------  0.006  15:54:36
375            -198.6240   12.9275    5.3432    --------  0.006  15:54:37
376            -198.6268   12.9293    5.3432    --------  0.006  15:54:38
377            -198.6260   12.9276    5.3438    --------  0.006  15:54:39
378            -198.6249   12.9280    5.3443    --------  0.006  15:54:40
379            -198.6280   12.9265    5.3501    --------  0.006  15:54:41
380            -198.6267   12.9286    5.3533    --------  0.006  15:54:42
381            -198.6269   12.9262    5.3551    --------  0.006  15:54:43
382            -198.6276   12.9284    5.3606    --------  0.006  15:54:44
383            -198.6258   12.9257    5.3619    --------  0.006  15:54:46
384            -198.6286   12.9271    5.3646    --------  0.006  15:54:47
385            -198.6279   12.9240    5.3649    --------  0.006  15:54:48
386            -198.6268   12.9243    5.3673    --------  0.006  15:54:49
387            -198.6269   12.9229    5.3675    --------  0.006  15:54:50
388            -198.6269   12.9233    5.3650    --------  0.006  15:54:51
389            -198.6269   12.9238    5.3646    --------  0.006  15:54:52
390            -198.6270   12.9225    5.3632    --------  0.006  15:54:53
391            -198.6267   12.9259    5.3640    --------  0.006  15:54:55
392            -198.6270   12.9228    5.3628    --------  0.006  15:54:56
393            -198.6258   12.9249    5.3636    --------  0.006  15:54:57
394            -198.6257   12.9261    5.3645    --------  0.006  15:54:58
395            -198.6277   12.9262    5.3641    --------  0.006  15:54:59
396            -198.6247   12.9256    5.3632    --------  0.006  15:54:60
397            -198.6265   12.9282    5.3645    --------  0.006  15:55:01
398            -198.6267   12.9255    5.3637    --------  0.006  15:55:02
399            -198.6275   12.9277    5.3641    --------  0.006  15:55:03
400            -198.6257   12.9259    5.3626    --------  0.006  15:55:04
401            -198.6257   12.9264    5.3616    --------  0.006  15:55:05
402            -198.6277   12.9269    5.3600    --------  0.006  15:55:06
403            -198.6257   12.9272    5.3578    --------  0.006  15:55:07
404            -198.6268   12.9263    5.3558    --------  0.006  15:55:08
405            -198.6268   12.9274    5.3541    --------  0.006  15:55:09
406            -198.6260   12.9250    5.3523    --------  0.006  15:55:10
407            -198.6271   12.9240    5.3517    --------  0.006  15:55:11
408            -198.6269   12.9264    5.3520    --------  0.006  15:55:12
409            -198.6240   12.9254    5.3520    --------  0.006  15:55:14
410            -198.6249   12.9266    5.3522    --------  0.006  15:55:15
411            -198.6260   12.9255    5.3520    --------  0.006  15:55:16
412            -198.6249   12.9261    5.3520    --------  0.006  15:55:17
413            -198.6248   12.9277    5.3530    --------  0.006  15:55:18
414            -198.6247   12.9282    5.3535    --------  0.006  15:55:19
415            -198.6249   12.9262    5.3515    --------  0.006  15:55:20
416            -198.6248   12.9267    5.3536    --------  0.006  15:55:21
417            -198.6256   12.9289    5.3537    --------  0.006  15:55:22
418            -198.6236   12.9289    5.3548    --------  0.006  15:55:23
419            -198.6247   12.9279    5.3553    --------  0.006  15:55:25
420            -198.6279   12.9256    5.3579    --------  0.006  15:55:26
421            -198.6277   12.9269    5.3582    --------  0.006  15:55:27
422            -198.6277   12.9267    5.3614    --------  0.006  15:55:28
423            -198.6278   12.9259    5.3609    --------  0.006  15:55:29
424            -198.6265   12.9279    5.3631    --------  0.006  15:55:30
425            -198.6286   12.9272    5.3650    --------  0.006  15:55:31
426            -198.6268   12.9250    5.3654    --------  0.006  15:55:33
427            -198.6277   12.9252    5.3677    --------  0.006  15:55:34
428            -198.6276   12.9263    5.3698    --------  0.006  15:55:35
429            -198.6265   12.9267    5.3722    --------  0.006  15:55:36
430            -198.6275   12.9261    5.3734    --------  0.006  15:55:37
431            -198.6285   12.9263    5.3745    --------  0.006  15:55:39
432            -198.6266   12.9249    5.3736    --------  0.006  15:55:40
433            -198.6264   12.9268    5.3741    --------  0.006  15:55:41
434            -198.6284   12.9267    5.3742    --------  0.006  15:55:42
435            -198.6275   12.9256    5.3733    --------  0.006  15:55:43
436            -198.6264   12.9276    5.3732    --------  0.006  15:55:44
437            -198.6275   12.9268    5.3716    --------  0.006  15:55:45
438            -198.6266   12.9255    5.3703    --------  0.006  15:55:46
439            -198.6275   12.9270    5.3694    --------  0.006  15:55:47
440            -198.6286   12.9260    5.3667    --------  0.006  15:55:48
441            -198.6288   12.9250    5.3653    --------  0.006  15:55:49
442            -198.6277   12.9259    5.3647    --------  0.006  15:55:50
443            -198.6287   12.9259    5.3636    --------  0.006  15:55:51
444            -198.6287   12.9260    5.3620    --------  0.006  15:55:52
445            -198.6269   12.9253    5.3597    --------  0.006  15:55:53
446            -198.6289   12.9256    5.3585    --------  0.006  15:55:54
447            -198.6299   12.9250    5.3579    --------  0.006  15:55:55
448            -198.6299   12.9257    5.3559    --------  0.006  15:55:56
449            -198.6276   12.9281    5.3576    --------  0.006  15:55:57
450            -198.6287   12.9284    5.3558    --------  0.006  15:55:58
451            -198.6279   12.9263    5.3556    --------  0.006  15:55:60
452            -198.6288   12.9272    5.3539    --------  0.006  15:56:01
453            -198.6277   12.9281    5.3535    --------  0.006  15:56:02
454            -198.6251   12.9255    5.3454    --------  0.006  15:56:03
455            -198.6251   12.9268    5.3428    --------  0.006  15:56:04
456            -198.6251   12.9278    5.3376    --------  0.006  15:56:05
457            -198.6252   12.9276    5.3330    --------  0.006  15:56:06
458            -198.6254   12.9265    5.3289    --------  0.006  15:56:07
459            -198.6264   12.9276    5.3240    --------  0.006  15:56:09
460            -198.6264   12.9272    5.3239    --------  0.006  15:56:10
461            -198.6253   12.9284    5.3258    --------  0.006  15:56:11
462            -198.6281   12.9291    5.3307    --------  0.006  15:56:12
463            -198.6270   12.9296    5.3345    --------  0.006  15:56:13
464            -198.6270   12.9294    5.3374    --------  0.006  15:56:14
465            -198.6260   12.9273    5.3439    --------  0.006  15:56:16
466            -198.6279   12.9279    5.3470    --------  0.006  15:56:17
467            -198.6270   12.9263    5.3493    --------  0.006  15:56:18
468            -198.6269   12.9262    5.3517    --------  0.006  15:56:19
469            -198.6268   12.9274    5.3535    --------  0.006  15:56:20
470            -198.6268   12.9271    5.3538    --------  0.006  15:56:21
471            -198.6279   12.9263    5.3538    --------  0.006  15:56:22
472            -198.6279   12.9264    5.3544    --------  0.006  15:56:23
473            -198.6258   12.9272    5.3549    --------  0.006  15:56:24
474            -198.6257   12.9279    5.3555    --------  0.006  15:56:25
475            -198.6258   12.9274    5.3554    --------  0.006  15:56:26
476            -198.6269   12.9263    5.3536    --------  0.006  15:56:27
477            -198.6259   12.9254    5.3569    --------  0.006  15:56:28
478            -198.6268   12.9262    5.3578    --------  0.006  15:56:29
479            -198.6256   12.9280    5.3596    --------  0.006  15:56:30
480            -198.6248   12.9256    5.3607    --------  0.006  15:56:31
481            -198.6257   12.9266    5.3609    --------  0.006  15:56:32
482            -198.6256   12.9276    5.3627    --------  0.006  15:56:33
483            -198.6267   12.9261    5.3625    --------  0.006  15:56:34
484            -198.6256   12.9272    5.3622    --------  0.006  15:56:35
485            -198.6247   12.9265    5.3628    --------  0.006  15:56:36
486            -198.6265   12.9277    5.3643    --------  0.006  15:56:38
487            -198.6276   12.9269    5.3639    --------  0.006  15:56:39
488            -198.6266   12.9266    5.3655    --------  0.006  15:56:40
489            -198.6276   12.9267    5.3666    --------  0.006  15:56:41
490            -198.6265   12.9277    5.3683    --------  0.006  15:56:42
491            -198.6274   12.9278    5.3701    --------  0.006  15:56:43
492            -198.6276   12.9251    5.3714    --------  0.006  15:56:44
493            -198.6276   12.9255    5.3729    --------  0.006  15:56:46
494            -198.6285   12.9260    5.3742    --------  0.006  15:56:47
495            -198.6284   12.9266    5.3751    --------  0.006  15:56:48
496            -198.6264   12.9269    5.3752    --------  0.006  15:56:49
497            -198.6255   12.9258    5.3738    --------  0.006  15:56:50
498            -198.6266   12.9251    5.3723    --------  0.006  15:56:51
499            -198.6256   12.9267    5.3674    --------  0.006  15:56:53
500            -198.6257   12.9264    5.3626    --------  0.006  15:56:54
501            -198.6256   12.9280    5.3575    --------  0.006  15:56:55
502            -198.6268   12.9280    5.3520    --------  0.006  15:56:56
503            -198.6250   12.9269    5.3465    --------  0.006  15:56:57
504            -198.6250   12.9278    5.3437    --------  0.006  15:56:58
505            -198.6252   12.9258    5.3423    --------  0.006  15:56:59
506            -198.6259   12.9275    5.3475    --------  0.006  15:57:00
507            -198.6278   12.9276    5.3524    --------  0.006  15:57:01
508            -198.6278   12.9265    5.3551    --------  0.006  15:57:02
509            -198.6277   12.9266    5.3606    --------  0.006  15:57:03
510            -198.6256   12.9274    5.3633    --------  0.006  15:57:05
511            -198.6266   12.9274    5.3634    --------  0.006  15:57:06
512            -198.6256   12.9277    5.3627    --------  0.006  15:57:07
513            -198.6257   12.9267    5.3587    --------  0.006  15:57:08
514            -198.6258   12.9264    5.3561    --------  0.006  15:57:09
515            -198.6267   12.9281    5.3534    --------  0.006  15:57:10
516            -198.6249   12.9270    5.3519    --------  0.006  15:57:11
517            -198.6268   12.9278    5.3526    --------  0.006  15:57:12
518            -198.6268   12.9272    5.3520    --------  0.006  15:57:13
519            -198.6266   12.9296    5.3544    --------  0.006  15:57:14
520            -198.6266   12.9289    5.3580    --------  0.006  15:57:15
521            -198.6266   12.9284    5.3606    --------  0.006  15:57:16
522            -198.6276   12.9275    5.3625    --------  0.006  15:57:17
523            -198.6265   12.9283    5.3654    --------  0.006  15:57:19
524            -198.6266   12.9264    5.3669    --------  0.006  15:57:20
525            -198.6254   12.9279    5.3693    --------  0.006  15:57:21
526            -198.6273   12.9280    5.3716    --------  0.006  15:57:22
527            -198.6274   12.9276    5.3713    --------  0.006  15:57:23
528            -198.6275   12.9265    5.3713    --------  0.006  15:57:24
529            -198.6265   12.9262    5.3713    --------  0.006  15:57:25
530            -198.6274   12.9276    5.3700    --------  0.006  15:57:26
531            -198.6265   12.9266    5.3684    --------  0.006  15:57:27
532            -198.6257   12.9255    5.3664    --------  0.006  15:57:28
533            -198.6256   12.9274    5.3645    --------  0.006  15:57:29
534            -198.6258   12.9254    5.3626    --------  0.006  15:57:30
535            -198.6246   12.9271    5.3624    --------  0.006  15:57:32
536            -198.6248   12.9255    5.3607    --------  0.006  15:57:33
537            -198.6257   12.9263    5.3606    --------  0.006  15:57:34
538            -198.6267   12.9272    5.3605    --------  0.006  15:57:35
539            -198.6258   12.9263    5.3588    --------  0.006  15:57:36
540            -198.6246   12.9277    5.3591    --------  0.006  15:57:37
541            -198.6258   12.9265    5.3578    --------  0.006  15:57:38
542            -198.6258   12.9265    5.3568    --------  0.006  15:57:39
543            -198.6258   12.9273    5.3559    --------  0.006  15:57:40
544            -198.6278   12.9270    5.3535    --------  0.006  15:57:41
545            -198.6277   12.9279    5.3537    --------  0.006  15:57:42
546            -198.6278   12.9270    5.3529    --------  0.006  15:57:43
547            -198.6259   12.9268    5.3510    --------  0.006  15:57:44
548            -198.6260   12.9261    5.3490    --------  0.006  15:57:45
549            -198.6249   12.9268    5.3491    --------  0.006  15:57:46
550            -198.6259   12.9279    5.3481    --------  0.006  15:57:47
551            -198.6270   12.9260    5.3482    --------  0.006  15:57:48
552            -198.6259   12.9275    5.3483    --------  0.006  15:57:49
553            -198.6258   12.9279    5.3490    --------  0.006  15:57:51
554            -198.6250   12.9265    5.3480    --------  0.006  15:57:52
555            -198.6259   12.9273    5.3484    --------  0.006  15:57:53
556            -198.6280   12.9262    5.3471    --------  0.006  15:57:54
557            -198.6269   12.9276    5.3481    --------  0.006  15:57:55
558            -198.6281   12.9260    5.3463    --------  0.006  15:57:56
559            -198.6281   12.9256    5.3467    --------  0.006  15:57:57
560            -198.6280   12.9270    5.3481    --------  0.006  15:57:59
561            -198.6289   12.9278    5.3487    --------  0.006  15:57:60
562            -198.6280   12.9266    5.3482    --------  0.006  15:58:01
563            -198.6280   12.9265    5.3502    --------  0.006  15:58:02
564            -198.6279   12.9267    5.3504    --------  0.006  15:58:03
565            -198.6268   12.9277    5.3519    --------  0.006  15:58:04
566            -198.6268   12.9270    5.3529    --------  0.006  15:58:05
567            -198.6258   12.9270    5.3549    --------  0.006  15:58:06
568            -198.6247   12.9276    5.3577    --------  0.006  15:58:08
569            -198.6257   12.9274    5.3587    --------  0.006  15:58:09
570            -198.6265   12.9289    5.3607    --------  0.006  15:58:10
571            -198.6256   12.9274    5.3625    --------  0.006  15:58:11
572            -198.6266   12.9273    5.3606    --------  0.006  15:58:12
573            -198.6255   12.9288    5.3615    --------  0.006  15:58:13
574            -198.6266   12.9280    5.3606    --------  0.006  15:58:14
575            -198.6245   12.9288    5.3605    --------  0.006  15:58:15
576            -198.6257   12.9267    5.3599    --------  0.006  15:58:16
577            -198.6246   12.9276    5.3621    --------  0.006  15:58:17
578            -198.6266   12.9274    5.3626    --------  0.006  15:58:18
579            -198.6277   12.9258    5.3627    --------  0.006  15:58:19
580            -198.6276   12.9265    5.3665    --------  0.006  15:58:20
581            -198.6285   12.9271    5.3670    --------  0.006  15:58:21
582            -198.6276   12.9265    5.3678    --------  0.006  15:58:22
583            -198.6295   12.9275    5.3682    --------  0.006  15:58:23
584            -198.6285   12.9269    5.3677    --------  0.006  15:58:24
585            -198.6266   12.9266    5.3674    --------  0.006  15:58:25
586            -198.6265   12.9277    5.3672    --------  0.006  15:58:26
587            -198.6265   12.9276    5.3659    --------  0.006  15:58:27
588            -198.6296   12.9270    5.3638    --------  0.006  15:58:29
589            -198.6275   12.9284    5.3635    --------  0.006  15:58:30
590            -198.6277   12.9266    5.3621    --------  0.006  15:58:31
591            -198.6246   12.9272    5.3633    --------  0.006  15:58:32
592            -198.6257   12.9261    5.3626    --------  0.006  15:58:33
593            -198.6246   12.9265    5.3639    --------  0.006  15:58:34
594            -198.6267   12.9259    5.3657    --------  0.006  15:58:35
595            -198.6257   12.9260    5.3649    --------  0.006  15:58:36
596            -198.6275   12.9270    5.3676    --------  0.006  15:58:37
597            -198.6256   12.9268    5.3668    --------  0.006  15:58:39
598            -198.6255   12.9276    5.3675    --------  0.006  15:58:40
599            -198.6264   12.9287    5.3663    --------  0.006  15:58:41
600            -198.6244   12.9285    5.3669    --------  0.006  15:58:42
601            -198.6255   12.9276    5.3665    --------  0.006  15:58:43
602            -198.6273   12.9299    5.3665    --------  0.006  15:58:45
603            -198.6264   12.9286    5.3649    --------  0.006  15:58:46
604            -198.6275   12.9278    5.3646    --------  0.006  15:58:47
605            -198.6264   12.9295    5.3652    --------  0.006  15:58:48
606            -198.6264   12.9286    5.3645    --------  0.006  15:58:49
607            -198.6265   12.9286    5.3635    --------  0.006  15:58:50
608            -198.6275   12.9287    5.3636    --------  0.006  15:58:51
609            -198.6264   12.9295    5.3617    --------  0.006  15:58:52
610            -198.6254   12.9298    5.3619    --------  0.006  15:58:53
611            -198.6274   12.9297    5.3606    --------  0.006  15:58:54
612            -198.6264   12.9297    5.3607    --------  0.006  15:58:55
613            -198.6265   12.9287    5.3596    --------  0.006  15:58:56
614            -198.6257   12.9270    5.3587    --------  0.006  15:58:57
615            -198.6256   12.9287    5.3579    --------  0.006  15:58:58
616            -198.6257   12.9278    5.3567    --------  0.006  15:58:59
617            -198.6229   12.9264    5.3541    --------  0.006  15:59:00
618            -198.6257   12.9288    5.3538    --------  0.006  15:59:01
619            -198.6259   12.9270    5.3500    --------  0.006  15:59:02
620            -198.6259   12.9277    5.3492    --------  0.006  15:59:03
621            -198.6259   12.9275    5.3481    --------  0.006  15:59:04
622            -198.6249   12.9275    5.3461    --------  0.006  15:59:05
623            -198.6250   12.9278    5.3436    --------  0.006  15:59:06
624            -198.6258   12.9301    5.3411    --------  0.006  15:59:08
625            -198.6240   12.9284    5.3374    --------  0.006  15:59:09
626            -198.6259   12.9299    5.3355    --------  0.006  15:59:10
627            -198.6249   12.9313    5.3311    --------  0.006  15:59:11
628            -198.6260   12.9307    5.3296    --------  0.006  15:59:12
629            -198.6249   12.9314    5.3296    --------  0.006  15:59:14
630            -198.6270   12.9307    5.3297    --------  0.006  15:59:15
631            -198.6269   12.9318    5.3305    --------  0.006  15:59:16
632            -198.6271   12.9293    5.3312    --------  0.006  15:59:17
633            -198.6260   12.9303    5.3318    --------  0.006  15:59:18
634            -198.6250   12.9293    5.3343    --------  0.006  15:59:19
635            -198.6260   12.9291    5.3365    --------  0.006  15:59:20
636            -198.6249   12.9297    5.3381    --------  0.006  15:59:22
637            -198.6260   12.9286    5.3394    --------  0.006  15:59:23
638            -198.6249   12.9291    5.3422    --------  0.006  15:59:24
639            -198.6248   12.9290    5.3439    --------  0.006  15:59:25
640            -198.6248   12.9289    5.3461    --------  0.006  15:59:26
641            -198.6247   12.9293    5.3480    --------  0.006  15:59:27
642            -198.6248   12.9283    5.3489    --------  0.006  15:59:28
643            -198.6249   12.9274    5.3491    --------  0.006  15:59:29
644            -198.6238   12.9282    5.3480    --------  0.006  15:59:30
645            -198.6248   12.9292    5.3460    --------  0.006  15:59:31
646            -198.6239   12.9290    5.3413    --------  0.006  15:59:32
647            -198.6249   12.9295    5.3377    --------  0.006  15:59:33
648            -198.6270   12.9293    5.3342    --------  0.006  15:59:34
649            -198.6262   12.9286    5.3301    --------  0.006  15:59:35
650            -198.6240   12.9305    5.3296    --------  0.006  15:59:36
651            -198.6240   12.9307    5.3277    --------  0.006  15:59:37
652            -198.6261   12.9296    5.3277    --------  0.006  15:59:38
653            -198.6260   12.9309    5.3298    --------  0.006  15:59:39
654            -198.6271   12.9283    5.3329    --------  0.006  15:59:40
655            -198.6269   12.9300    5.3391    --------  0.006  15:59:41
656            -198.6269   12.9289    5.3419    --------  0.006  15:59:42
657            -198.6268   12.9287    5.3494    --------  0.006  15:59:44
658            -198.6258   12.9270    5.3549    --------  0.006  15:59:45
659            -198.6268   12.9257    5.3603    --------  0.006  15:59:46
660            -198.6267   12.9268    5.3626    --------  0.006  15:59:47
661            -198.6265   12.9280    5.3655    --------  0.006  15:59:48
662            -198.6265   12.9274    5.3671    --------  0.006  15:59:49
663            -198.6256   12.9264    5.3668    --------  0.006  15:59:50
664            -198.6275   12.9275    5.3681    --------  0.006  15:59:51
665            -198.6254   12.9277    5.3691    --------  0.006  15:59:52
666            -198.6265   12.9269    5.3686    --------  0.006  15:59:53
667            -198.6255   12.9263    5.3702    --------  0.006  15:59:54
668            -198.6273   12.9284    5.3722    --------  0.006  15:59:55
669            -198.6264   12.9281    5.3707    --------  0.006  15:59:56
670            -198.6263   12.9281    5.3720    --------  0.006  15:59:57
671            -198.6284   12.9274    5.3710    --------  0.006  15:59:58
672            -198.6243   12.9280    5.3712    --------  0.006  15:59:59
673            -198.6265   12.9270    5.3693    --------  0.006  16:00:00
674            -198.6285   12.9275    5.3685    --------  0.006  16:00:01
675            -198.6265   12.9274    5.3676    --------  0.006  16:00:03
676            -198.6275   12.9273    5.3675    --------  0.006  16:00:04
677            -198.6274   12.9280    5.3674    --------  0.006  16:00:05
678            -198.6253   12.9290    5.3702    --------  0.006  16:00:06
679            -198.6264   12.9279    5.3711    --------  0.006  16:00:07
680            -198.6263   12.9282    5.3729    --------  0.006  16:00:08
681            -198.6273   12.9286    5.3735    --------  0.006  16:00:09
682            -198.6251   12.9299    5.3731    --------  0.006  16:00:10
683            -198.6273   12.9287    5.3709    --------  0.006  16:00:11
684            -198.6242   12.9296    5.3690    --------  0.006  16:00:12
685            -198.6245   12.9279    5.3654    --------  0.006  16:00:13
686            -198.6265   12.9284    5.3612    --------  0.006  16:00:14
687            -198.6266   12.9282    5.3581    --------  0.006  16:00:15
688            -198.6256   12.9292    5.3558    --------  0.006  16:00:16
689            -198.6265   12.9298    5.3559    --------  0.006  16:00:17
690            -198.6265   12.9291    5.3581    --------  0.006  16:00:18
691            -198.6283   12.9310    5.3619    --------  0.006  16:00:19
692            -198.6265   12.9284    5.3645    --------  0.006  16:00:20
693            -198.6263   12.9292    5.3703    --------  0.006  16:00:22
694            -198.6283   12.9285    5.3721    --------  0.006  16:00:23
695            -198.6274   12.9272    5.3730    --------  0.006  16:00:24
696            -198.6283   12.9284    5.3733    --------  0.006  16:00:25
697            -198.6263   12.9284    5.3704    --------  0.006  16:00:26
698            -198.6275   12.9273    5.3694    --------  0.006  16:00:27
699            -198.6275   12.9271    5.3675    --------  0.006  16:00:28
700            -198.6255   12.9279    5.3664    --------  0.006  16:00:29
701            -198.6275   12.9279    5.3659    --------  0.006  16:00:30
702            -198.6265   12.9280    5.3645    --------  0.006  16:00:31
703            -198.6276   12.9271    5.3636    --------  0.006  16:00:32
704            -198.6277   12.9270    5.3618    --------  0.006  16:00:33
705            -198.6264   12.9297    5.3615    --------  0.006  16:00:34
706            -198.6257   12.9270    5.3592    --------  0.006  16:00:35
707            -198.6256   12.9286    5.3576    --------  0.006  16:00:37
708            -198.6258   12.9265    5.3562    --------  0.006  16:00:38
709            -198.6266   12.9283    5.3566    --------  0.006  16:00:39
710            -198.6256   12.9285    5.3557    --------  0.006  16:00:40
711            -198.6257   12.9280    5.3551    --------  0.006  16:00:41
712            -198.6266   12.9289    5.3553    --------  0.006  16:00:42
713            -198.6257   12.9282    5.3546    --------  0.006  16:00:43
714            -198.6267   12.9284    5.3539    --------  0.006  16:00:44
715            -198.6247   12.9284    5.3518    --------  0.006  16:00:45
716            -198.6248   12.9284    5.3495    --------  0.006  16:00:46
717            -198.6249   12.9274    5.3467    --------  0.006  16:00:47
718            -198.6252   12.9256    5.3423    --------  0.006  16:00:48
719            -198.6249   12.9300    5.3361    --------  0.006  16:00:49
720            -198.6250   12.9304    5.3296    --------  0.006  16:00:50
721            -198.6252   12.9302    5.3223    --------  0.006  16:00:51
722            -198.6233   12.9297    5.3173    --------  0.006  16:00:52
723            -198.6244   12.9305    5.3110    --------  0.006  16:00:53
724            -198.6234   12.9313    5.3080    --------  0.006  16:00:54
725            -198.6254   12.9312    5.3079    --------  0.006  16:00:55
726            -198.6252   12.9330    5.3098    --------  0.006  16:00:56
727            -198.6242   12.9324    5.3117    --------  0.006  16:00:57
728            -198.6272   12.9317    5.3166    --------  0.006  16:00:59
729            -198.6261   12.9317    5.3215    --------  0.006  16:01:00
730            -198.6280   12.9311    5.3272    --------  0.006  16:01:01
731            -198.6270   12.9297    5.3347    --------  0.006  16:01:02
732            -198.6277   12.9318    5.3388    --------  0.006  16:01:03
733            -198.6268   12.9296    5.3437    --------  0.006  16:01:04
734            -198.6279   12.9281    5.3460    --------  0.006  16:01:05
735            -198.6278   12.9287    5.3497    --------  0.006  16:01:06
736            -198.6288   12.9275    5.3527    --------  0.006  16:01:07
737            -198.6287   12.9285    5.3557    --------  0.006  16:01:08
738            -198.6276   12.9282    5.3592    --------  0.006  16:01:09
739            -198.6294   12.9293    5.3622    --------  0.006  16:01:11
740            -198.6265   12.9284    5.3640    --------  0.006  16:01:12
741            -198.6275   12.9287    5.3640    --------  0.006  16:01:13
742            -198.6256   12.9272    5.3651    --------  0.006  16:01:14
743            -198.6245   12.9277    5.3655    --------  0.006  16:01:15
744            -198.6264   12.9281    5.3669    --------  0.006  16:01:16
745            -198.6265   12.9270    5.3667    --------  0.006  16:01:17
746            -198.6255   12.9273    5.3659    --------  0.006  16:01:18
747            -198.6265   12.9272    5.3660    --------  0.006  16:01:19
748            -198.6266   12.9272    5.3656    --------  0.006  16:01:20
749            -198.6276   12.9272    5.3645    --------  0.006  16:01:21
750            -198.6255   12.9276    5.3650    --------  0.006  16:01:22
751            -198.6265   12.9281    5.3652    --------  0.006  16:01:24
752            -198.6275   12.9282    5.3655    --------  0.006  16:01:25
753            -198.6266   12.9270    5.3648    --------  0.006  16:01:26
754            -198.6274   12.9286    5.3649    --------  0.006  16:01:27
755            -198.6286   12.9273    5.3651    --------  0.006  16:01:28
756            -198.6275   12.9278    5.3660    --------  0.006  16:01:29
757            -198.6275   12.9282    5.3651    --------  0.006  16:01:30
758            -198.6284   12.9296    5.3648    --------  0.006  16:01:31
759            -198.6264   12.9285    5.3650    --------  0.006  16:01:32
760            -198.6265   12.9273    5.3660    --------  0.006  16:01:33
761            -198.6274   12.9283    5.3669    --------  0.006  16:01:34
762            -198.6275   12.9273    5.3677    --------  0.006  16:01:35
763            -198.6274   12.9282    5.3697    --------  0.006  16:01:36
764            -198.6264   12.9279    5.3698    --------  0.006  16:01:37
765            -198.6274   12.9284    5.3698    --------  0.006  16:01:38
766            -198.6263   12.9283    5.3716    --------  0.006  16:01:39
767            -198.6272   12.9293    5.3717    --------  0.006  16:01:41
768            -198.6264   12.9278    5.3708    --------  0.006  16:01:42
769            -198.6273   12.9284    5.3708    --------  0.006  16:01:43
770            -198.6273   12.9291    5.3715    --------  0.006  16:01:44
771            -198.6284   12.9277    5.3708    --------  0.006  16:01:45
772            -198.6262   12.9292    5.3717    --------  0.006  16:01:46
773            -198.6263   12.9283    5.3708    --------  0.006  16:01:47
774            -198.6274   12.9283    5.3698    --------  0.006  16:01:48
775            -198.6263   12.9282    5.3707    --------  0.006  16:01:49
776            -198.6273   12.9286    5.3701    --------  0.006  16:01:50
777            -198.6274   12.9283    5.3679    --------  0.006  16:01:51
778            -198.6255   12.9272    5.3679    --------  0.006  16:01:52
779            -198.6254   12.9285    5.3688    --------  0.006  16:01:53
780            -198.6265   12.9279    5.3668    --------  0.006  16:01:54
781            -198.6274   12.9286    5.3653    --------  0.006  16:01:55
782            -198.6275   12.9283    5.3640    --------  0.006  16:01:56
783            -198.6273   12.9303    5.3622    --------  0.006  16:01:57
784            -198.6285   12.9289    5.3623    --------  0.006  16:01:58
785            -198.6266   12.9272    5.3611    --------  0.006  16:01:59
786            -198.6266   12.9279    5.3603    --------  0.006  16:02:00
787            -198.6256   12.9278    5.3601    --------  0.006  16:02:02
788            -198.6276   12.9281    5.3602    --------  0.006  16:02:03
789            -198.6275   12.9292    5.3592    --------  0.006  16:02:04
790            -198.6266   12.9286    5.3592    --------  0.006  16:02:05
791            -198.6267   12.9274    5.3576    --------  0.006  16:02:06
792            -198.6276   12.9285    5.3583    --------  0.006  16:02:07
793            -198.6267   12.9279    5.3582    --------  0.006  16:02:08
794            -198.6257   12.9270    5.3573    --------  0.006  16:02:09
795            -198.6267   12.9279    5.3573    --------  0.006  16:02:10
796            -198.6256   12.9288    5.3573    --------  0.006  16:02:11
797            -198.6257   12.9270    5.3574    --------  0.006  16:02:12
798            -198.6245   12.9291    5.3596    --------  0.006  16:02:13
799            -198.6236   12.9284    5.3582    --------  0.006  16:02:14
800            -198.6245   12.9289    5.3594    --------  0.006  16:02:15
801            -198.6236   12.9286    5.3572    --------  0.006  16:02:16
802            -198.6247   12.9277    5.3572    --------  0.006  16:02:17
803            -198.6246   12.9283    5.3569    --------  0.006  16:02:18
804            -198.6247   12.9271    5.3574    --------  0.006  16:02:19
805            -198.6258   12.9268    5.3575    --------  0.006  16:02:20
806            -198.6237   12.9277    5.3580    --------  0.006  16:02:21
807            -198.6256   12.9281    5.3601    --------  0.006  16:02:22
808            -198.6238   12.9261    5.3582    --------  0.006  16:02:23
809            -198.6249   12.9257    5.3542    --------  0.006  16:02:25
810            -198.6248   12.9277    5.3516    --------  0.006  16:02:26
811            -198.6248   12.9280    5.3488    --------  0.006  16:02:27
812            -198.6240   12.9274    5.3438    --------  0.006  16:02:28
813            -198.6249   12.9287    5.3408    --------  0.006  16:02:29
814            -198.6240   12.9283    5.3391    --------  0.006  16:02:30
815            -198.6251   12.9276    5.3362    --------  0.006  16:02:32
816            -198.6238   12.9308    5.3367    --------  0.006  16:02:33
817            -198.6250   12.9296    5.3360    --------  0.006  16:02:34
818            -198.6240   12.9285    5.3379    --------  0.006  16:02:35
819            -198.6261   12.9278    5.3389    --------  0.006  16:02:36
820            -198.6270   12.9274    5.3423    --------  0.006  16:02:37
821            -198.6260   12.9265    5.3458    --------  0.006  16:02:38
822            -198.6259   12.9277    5.3492    --------  0.006  16:02:39
823            -198.6259   12.9266    5.3517    --------  0.006  16:02:40
824            -198.6267   12.9278    5.3544    --------  0.006  16:02:41
825            -198.6257   12.9278    5.3549    --------  0.006  16:02:42
826            -198.6246   12.9292    5.3561    --------  0.006  16:02:43
827            -198.6248   12.9273    5.3539    --------  0.006  16:02:44
828            -198.6258   12.9277    5.3539    --------  0.006  16:02:45
829            -198.6245   12.9302    5.3542    --------  0.006  16:02:46
830            -198.6249   12.9263    5.3549    --------  0.006  16:02:47
831            -198.6266   12.9288    5.3566    --------  0.006  16:02:48
832            -198.6268   12.9262    5.3593    --------  0.006  16:02:50
833            -198.6276   12.9275    5.3609    --------  0.006  16:02:51
834            -198.6265   12.9284    5.3633    --------  0.006  16:02:52
835            -198.6266   12.9263    5.3660    --------  0.006  16:02:53
836            -198.6256   12.9261    5.3671    --------  0.006  16:02:54
837            -198.6275   12.9263    5.3699    --------  0.006  16:02:55
838            -198.6265   12.9263    5.3717    --------  0.006  16:02:56
839            -198.6264   12.9272    5.3736    --------  0.006  16:02:57
840            -198.6264   12.9264    5.3757    --------  0.006  16:02:58
841            -198.6264   12.9269    5.3753    --------  0.006  16:02:59
842            -198.6275   12.9255    5.3741    --------  0.006  16:03:00
843            -198.6255   12.9258    5.3741    --------  0.006  16:03:01
844            -198.6267   12.9241    5.3706    --------  0.006  16:03:02
845            -198.6267   12.9239    5.3704    --------  0.006  16:03:03
846            -198.6257   12.9248    5.3699    --------  0.006  16:03:04
847            -198.6266   12.9256    5.3697    --------  0.006  16:03:05
848            -198.6277   12.9250    5.3697    --------  0.006  16:03:06
849            -198.6278   12.9236    5.3696    --------  0.006  16:03:07
850            -198.6267   12.9250    5.3695    --------  0.006  16:03:09
851            -198.6256   12.9252    5.3714    --------  0.006  16:03:10
852            -198.6267   12.9245    5.3712    --------  0.006  16:03:11
853            -198.6265   12.9259    5.3733    --------  0.006  16:03:12
854            -198.6275   12.9264    5.3721    --------  0.006  16:03:13
855            -198.6286   12.9257    5.3722    --------  0.006  16:03:14
856            -198.6254   12.9274    5.3712    --------  0.006  16:03:15
857            -198.6276   12.9259    5.3705    --------  0.006  16:03:17
858            -198.6276   12.9254    5.3697    --------  0.006  16:03:18
859            -198.6287   12.9255    5.3687    --------  0.006  16:03:19
860            -198.6287   12.9246    5.3686    --------  0.006  16:03:20
861            -198.6285   12.9276    5.3683    --------  0.006  16:03:21
862            -198.6287   12.9254    5.3677    --------  0.006  16:03:22
863            -198.6287   12.9254    5.3675    --------  0.006  16:03:23
864            -198.6278   12.9251    5.3647    --------  0.006  16:03:24
865            -198.6277   12.9260    5.3641    --------  0.006  16:03:25
866            -198.6277   12.9261    5.3618    --------  0.006  16:03:27
867            -198.6276   12.9269    5.3636    --------  0.006  16:03:28
868            -198.6268   12.9250    5.3614    --------  0.006  16:03:29
869            -198.6278   12.9251    5.3613    --------  0.006  16:03:30
870            -198.6267   12.9262    5.3610    --------  0.006  16:03:31
871            -198.6286   12.9279    5.3625    --------  0.006  16:03:32
872            -198.6277   12.9267    5.3605    --------  0.006  16:03:33
873            -198.6267   12.9272    5.3573    --------  0.006  16:03:34
874            -198.6260   12.9254    5.3511    --------  0.006  16:03:35
875            -198.6261   12.9256    5.3457    --------  0.006  16:03:36
876            -198.6251   12.9270    5.3409    --------  0.006  16:03:37
877            -198.6252   12.9274    5.3343    --------  0.006  16:03:38
878            -198.6253   12.9280    5.3286    --------  0.006  16:03:39
879            -198.6253   12.9294    5.3220    --------  0.006  16:03:40
880            -198.6254   12.9278    5.3210    --------  0.006  16:03:42
881            -198.6263   12.9296    5.3211    --------  0.006  16:03:43
882            -198.6251   12.9305    5.3239    --------  0.006  16:03:44
883            -198.6241   12.9297    5.3289    --------  0.006  16:03:45
884            -198.6262   12.9286    5.3311    --------  0.006  16:03:46
885            -198.6262   12.9281    5.3328    --------  0.006  16:03:47
886            -198.6271   12.9289    5.3332    --------  0.006  16:03:48
887            -198.6261   12.9291    5.3321    --------  0.006  16:03:49
888            -198.6241   12.9294    5.3314    --------  0.006  16:03:50
889            -198.6240   12.9303    5.3296    --------  0.006  16:03:51
890            -198.6233   12.9279    5.3259    --------  0.006  16:03:52
891            -198.6233   12.9286    5.3248    --------  0.006  16:03:54
892            -198.6243   12.9283    5.3241    --------  0.006  16:03:55
893            -198.6243   12.9282    5.3247    --------  0.006  16:03:56
894            -198.6271   12.9303    5.3288    --------  0.006  16:03:57
895            -198.6262   12.9290    5.3298    --------  0.006  16:03:58
896            -198.6241   12.9287    5.3354    --------  0.006  16:03:59
897            -198.6261   12.9274    5.3405    --------  0.006  16:03:60
898            -198.6250   12.9269    5.3449    --------  0.006  16:04:01
899            -198.6267   12.9284    5.3517    --------  0.006  16:04:02
900            -198.6267   12.9275    5.3585    --------  0.006  16:04:04
901            -198.6266   12.9276    5.3613    --------  0.006  16:04:05
902            -198.6276   12.9270    5.3627    --------  0.006  16:04:06
903            -198.6266   12.9266    5.3643    --------  0.006  16:04:07
904            -198.6266   12.9269    5.3645    --------  0.006  16:04:08
905            -198.6276   12.9264    5.3658    --------  0.006  16:04:09
906            -198.6255   12.9269    5.3675    --------  0.006  16:04:10
907            -198.6276   12.9258    5.3686    --------  0.006  16:04:11
908            -198.6264   12.9281    5.3704    --------  0.006  16:04:12
909            -198.6267   12.9244    5.3687    --------  0.006  16:04:13
910            -198.6264   12.9278    5.3697    --------  0.006  16:04:14
911            -198.6256   12.9269    5.3656    --------  0.006  16:04:15
912            -198.6277   12.9258    5.3626    --------  0.006  16:04:16
913            -198.6278   12.9264    5.3592    --------  0.006  16:04:17
914            -198.6267   12.9281    5.3547    --------  0.006  16:04:19
915            -198.6259   12.9267    5.3509    --------  0.006  16:04:20
916            -198.6267   12.9287    5.3503    --------  0.006  16:04:21
917            -198.6277   12.9287    5.3522    --------  0.006  16:04:22
918            -198.6278   12.9275    5.3521    --------  0.006  16:04:23
919            -198.6267   12.9279    5.3550    --------  0.006  16:04:24
920            -198.6278   12.9270    5.3564    --------  0.006  16:04:25
921            -198.6276   12.9276    5.3614    --------  0.006  16:04:26
922            -198.6286   12.9271    5.3636    --------  0.006  16:04:27
923            -198.6276   12.9270    5.3649    --------  0.006  16:04:28
924            -198.6276   12.9262    5.3660    --------  0.006  16:04:29
925            -198.6275   12.9272    5.3686    --------  0.006  16:04:30
926            -198.6275   12.9273    5.3695    --------  0.006  16:04:32
927            -198.6265   12.9274    5.3671    --------  0.006  16:04:33
928            -198.6255   12.9268    5.3684    --------  0.006  16:04:34
929            -198.6256   12.9258    5.3673    --------  0.006  16:04:35
930            -198.6255   12.9274    5.3679    --------  0.006  16:04:36
931            -198.6296   12.9255    5.3693    --------  0.006  16:04:37
932            -198.6277   12.9244    5.3696    --------  0.006  16:04:38
933            -198.6256   12.9257    5.3697    --------  0.006  16:04:39
934            -198.6264   12.9271    5.3710    --------  0.006  16:04:41
935            -198.6264   12.9273    5.3714    --------  0.006  16:04:42
936            -198.6273   12.9281    5.3715    --------  0.006  16:04:43
937            -198.6256   12.9253    5.3705    --------  0.006  16:04:44
938            -198.6266   12.9258    5.3710    --------  0.006  16:04:45
939            -198.6267   12.9249    5.3702    --------  0.006  16:04:46
940            -198.6266   12.9260    5.3705    --------  0.006  16:04:47
941            -198.6256   12.9260    5.3691    --------  0.006  16:04:48
942            -198.6286   12.9265    5.3681    --------  0.006  16:04:49
943            -198.6254   12.9288    5.3665    --------  0.006  16:04:50
944            -198.6266   12.9263    5.3655    --------  0.006  16:04:51
945            -198.6257   12.9259    5.3628    --------  0.006  16:04:52
946            -198.6267   12.9261    5.3620    --------  0.006  16:04:53
947            -198.6277   12.9270    5.3618    --------  0.006  16:04:54
948            -198.6289   12.9253    5.3595    --------  0.006  16:04:55
949            -198.6279   12.9250    5.3590    --------  0.006  16:04:57
950            -198.6268   12.9260    5.3584    --------  0.006  16:04:58
951            -198.6258   12.9259    5.3599    --------  0.006  16:04:59
952            -198.6278   12.9262    5.3607    --------  0.006  16:04:60
953            -198.6289   12.9248    5.3600    --------  0.006  16:05:01
954            -198.6279   12.9251    5.3603    --------  0.006  16:05:02
955            -198.6268   12.9258    5.3606    --------  0.006  16:05:03
956            -198.6279   12.9247    5.3609    --------  0.006  16:05:04
957            -198.6268   12.9257    5.3612    --------  0.006  16:05:05
958            -198.6267   12.9269    5.3608    --------  0.006  16:05:06
959            -198.6258   12.9255    5.3596    --------  0.006  16:05:08
960            -198.6269   12.9251    5.3599    --------  0.006  16:05:09
961            -198.6259   12.9250    5.3591    --------  0.006  16:05:10
962            -198.6266   12.9278    5.3603    --------  0.006  16:05:11
963            -198.6248   12.9259    5.3603    --------  0.006  16:05:12
964            -198.6249   12.9249    5.3599    --------  0.006  16:05:13
965            -198.6257   12.9261    5.3608    --------  0.006  16:05:14
966            -198.6258   12.9254    5.3599    --------  0.006  16:05:15
967            -198.6268   12.9269    5.3571    --------  0.006  16:05:16
968            -198.6258   12.9269    5.3533    --------  0.006  16:05:18
969            -198.6250   12.9260    5.3500    --------  0.006  16:05:19
970            -198.6251   12.9259    5.3455    --------  0.006  16:05:20
971            -198.6251   12.9265    5.3425    --------  0.006  16:05:21
972            -198.6240   12.9279    5.3405    --------  0.006  16:05:22
973            -198.6242   12.9270    5.3344    --------  0.006  16:05:23
974            -198.6262   12.9277    5.3308    --------  0.006  16:05:24
975            -198.6253   12.9268    5.3299    --------  0.006  16:05:25
976            -198.6273   12.9275    5.3275    --------  0.006  16:05:26
977            -198.6263   12.9279    5.3279    --------  0.006  16:05:27
978            -198.6263   12.9275    5.3287    --------  0.006  16:05:28
979            -198.6273   12.9268    5.3318    --------  0.006  16:05:29
980            -198.6273   12.9263    5.3359    --------  0.006  16:05:30
981            -198.6282   12.9264    5.3408    --------  0.006  16:05:31
982            -198.6270   12.9266    5.3462    --------  0.006  16:05:32
983            -198.6288   12.9278    5.3522    --------  0.006  16:05:33
984            -198.6277   12.9279    5.3561    --------  0.006  16:05:35
985            -198.6277   12.9267    5.3606    --------  0.006  16:05:36
986            -198.6278   12.9255    5.3623    --------  0.006  16:05:37
987            -198.6287   12.9259    5.3649    --------  0.006  16:05:38
988            -198.6298   12.9252    5.3633    --------  0.006  16:05:39
989            -198.6278   12.9249    5.3619    --------  0.006  16:05:40
990            -198.6277   12.9265    5.3606    --------  0.006  16:05:41
991            -198.6269   12.9258    5.3532    --------  0.006  16:05:42
992            -198.6261   12.9256    5.3487    --------  0.006  16:05:43
993            -198.6262   12.9253    5.3431    --------  0.006  16:05:44
994            -198.6241   12.9274    5.3384    --------  0.006  16:05:45
995            -198.6264   12.9262    5.3320    --------  0.006  16:05:46
996            -198.6253   12.9266    5.3316    --------  0.006  16:05:48
997            -198.6263   12.9270    5.3329    --------  0.006  16:05:49
998            -198.6271   12.9274    5.3383    --------  0.006  16:05:50
999            -198.6270   12.9275    5.3453    --------  0.006  16:05:51
1000           -198.6289   12.9271    5.3513    --------  0.006  16:05:52
1001           -198.6270   12.9248    5.3562    --------  0.006  16:05:53
1002           -198.6289   12.9246    5.3604    --------  0.006  16:05:54
1003           -198.6278   12.9259    5.3620    --------  0.006  16:05:55
1004           -198.6257   12.9259    5.3619    --------  0.006  16:05:56
1005           -198.6277   12.9262    5.3610    --------  0.006  16:05:57
1006           -198.6247   12.9268    5.3590    --------  0.006  16:05:58
1007           -198.6269   12.9263    5.3532    --------  0.006  16:05:59
1008           -198.6260   12.9262    5.3511    --------  0.006  16:06:00
1009           -198.6269   12.9273    5.3472    --------  0.006  16:06:01
1010           -198.6261   12.9263    5.3435    --------  0.006  16:06:02
1011           -198.6271   12.9265    5.3442    --------  0.006  16:06:03
1012           -198.6261   12.9262    5.3445    --------  0.006  16:06:05
1013           -198.6270   12.9258    5.3513    --------  0.006  16:06:06
1014           -198.6269   12.9259    5.3542    --------  0.006  16:06:07
1015           -198.6270   12.9246    5.3581    --------  0.006  16:06:08
1016           -198.6268   12.9255    5.3623    --------  0.006  16:06:09
1017           -198.6278   12.9243    5.3659    --------  0.006  16:06:10
1018           -198.6275   12.9268    5.3697    --------  0.006  16:06:11
1019           -198.6278   12.9239    5.3697    --------  0.006  16:06:12
1020           -198.6266   12.9253    5.3707    --------  0.006  16:06:13
1021           -198.6265   12.9264    5.3716    --------  0.006  16:06:14
1022           -198.6275   12.9264    5.3725    --------  0.006  16:06:15
1023           -198.6275   12.9262    5.3723    --------  0.006  16:06:16
1024           -198.6277   12.9244    5.3716    --------  0.006  16:06:17
1025           -198.6274   12.9270    5.3735    --------  0.006  16:06:19
1026           -198.6274   12.9270    5.3740    --------  0.006  16:06:20
1027           -198.6276   12.9255    5.3722    --------  0.006  16:06:21
1028           -198.6255   12.9266    5.3720    --------  0.006  16:06:22
1029           -198.6277   12.9250    5.3705    --------  0.006  16:06:23
1030           -198.6265   12.9266    5.3707    --------  0.006  16:06:25
1031           -198.6266   12.9262    5.3677    --------  0.006  16:06:26
1032           -198.6276   12.9272    5.3650    --------  0.006  16:06:27
1033           -198.6267   12.9267    5.3629    --------  0.006  16:06:28
1034           -198.6258   12.9255    5.3617    --------  0.006  16:06:29
1035           -198.6277   12.9262    5.3611    --------  0.006  16:06:30
1036           -198.6267   12.9271    5.3611    --------  0.006  16:06:32
1037           -198.6256   12.9270    5.3618    --------  0.006  16:06:33
1038           -198.6266   12.9268    5.3627    --------  0.006  16:06:34
1039           -198.6267   12.9261    5.3625    --------  0.006  16:06:35
1040           -198.6266   12.9271    5.3641    --------  0.006  16:06:36
1041           -198.6277   12.9265    5.3623    --------  0.006  16:06:37
1042           -198.6277   12.9262    5.3637    --------  0.006  16:06:38
1043           -198.6277   12.9262    5.3643    --------  0.006  16:06:39
1044           -198.6276   12.9276    5.3625    --------  0.006  16:06:40
1045           -198.6267   12.9261    5.3635    --------  0.006  16:06:41
1046           -198.6276   12.9270    5.3637    --------  0.006  16:06:42
1047           -198.6267   12.9257    5.3633    --------  0.006  16:06:44
1048           -198.6298   12.9255    5.3621    --------  0.006  16:06:45
1049           -198.6276   12.9273    5.3626    --------  0.006  16:06:46
1050           -198.6266   12.9277    5.3618    --------  0.006  16:06:47
1051           -198.6257   12.9268    5.3585    --------  0.006  16:06:48
1052           -198.6269   12.9265    5.3543    --------  0.006  16:06:49
1053           -198.6280   12.9257    5.3509    --------  0.006  16:06:50
1054           -198.6272   12.9250    5.3468    --------  0.006  16:06:51
1055           -198.6261   12.9270    5.3411    --------  0.006  16:06:52
1056           -198.6272   12.9271    5.3379    --------  0.006  16:06:53
1057           -198.6262   12.9275    5.3336    --------  0.006  16:06:54
1058           -198.6262   12.9280    5.3327    --------  0.006  16:06:55
1059           -198.6252   12.9273    5.3327    --------  0.006  16:06:56
1060           -198.6262   12.9274    5.3346    --------  0.006  16:06:57
1061           -198.6262   12.9272    5.3369    --------  0.006  16:06:58
1062           -198.6251   12.9269    5.3407    --------  0.006  16:06:59
1063           -198.6251   12.9268    5.3427    --------  0.006  16:07:00
1064           -198.6249   12.9273    5.3465    --------  0.006  16:07:01
1065           -198.6271   12.9250    5.3479    --------  0.006  16:07:02
1066           -198.6270   12.9260    5.3514    --------  0.006  16:07:03
1067           -198.6271   12.9240    5.3525    --------  0.006  16:07:04
1068           -198.6260   12.9245    5.3560    --------  0.006  16:07:06
1069           -198.6271   12.9232    5.3593    --------  0.006  16:07:07
1070           -198.6279   12.9251    5.3604    --------  0.006  16:07:08
1071           -198.6278   12.9251    5.3608    --------  0.006  16:07:09
1072           -198.6271   12.9225    5.3601    --------  0.006  16:07:10
1073           -198.6279   12.9249    5.3605    --------  0.006  16:07:11
1074           -198.6270   12.9236    5.3601    --------  0.006  16:07:13
1075           -198.6271   12.9226    5.3602    --------  0.006  16:07:14
1076           -198.6268   12.9253    5.3619    --------  0.006  16:07:15
1077           -198.6257   12.9259    5.3620    --------  0.006  16:07:16
1078           -198.6248   12.9253    5.3611    --------  0.006  16:07:17
1079           -198.6249   12.9251    5.3600    --------  0.006  16:07:18
1080           -198.6258   12.9254    5.3597    --------  0.006  16:07:19
1081           -198.6249   12.9252    5.3563    --------  0.006  16:07:20
1082           -198.6270   12.9251    5.3518    --------  0.006  16:07:21
1083           -198.6278   12.9279    5.3503    --------  0.006  16:07:22
1084           -198.6261   12.9256    5.3446    --------  0.006  16:07:23
1085           -198.6261   12.9268    5.3417    --------  0.006  16:07:24
1086           -198.6261   12.9267    5.3408    --------  0.006  16:07:25
1087           -198.6271   12.9269    5.3398    --------  0.006  16:07:26
1088           -198.6283   12.9250    5.3408    --------  0.006  16:07:28
1089           -198.6280   12.9272    5.3475    --------  0.006  16:07:29
1090           -198.6292   12.9234    5.3506    --------  0.006  16:07:30
1091           -198.6281   12.9237    5.3554    --------  0.006  16:07:31
1092           -198.6300   12.9242    5.3602    --------  0.006  16:07:32
1093           -198.6281   12.9227    5.3603    --------  0.006  16:07:33
1094           -198.6269   12.9245    5.3620    --------  0.006  16:07:34
1095           -198.6269   12.9236    5.3631    --------  0.006  16:07:35
1096           -198.6275   12.9276    5.3648    --------  0.006  16:07:36
1097           -198.6276   12.9266    5.3658    --------  0.006  16:07:37
1098           -198.6266   12.9260    5.3682    --------  0.006  16:07:38
1099           -198.6266   12.9264    5.3678    --------  0.006  16:07:39
1100           -198.6256   12.9265    5.3677    --------  0.006  16:07:40
1101           -198.6279   12.9231    5.3674    --------  0.006  16:07:41
1102           -198.6268   12.9243    5.3663    --------  0.006  16:07:43
1103           -198.6266   12.9261    5.3677    --------  0.006  16:07:44
