3.6356 13.3744 -0.0277
4.1651 13.4802 -0.0409
4.6615 13.3995 -0.0339
5.1735 13.409 -0.0357
5.6877 13.4201 -0.0378
6.2 13.4186 -0.0397
6.7195 13.4449 -0.0442
7.2336 13.4502 -0.0465
7.7513 13.4637 -0.0475
8.2646 13.4658 -0.0504
8.778 13.4674 -0.0516
9.2908 13.4682 -0.0536
9.8049 13.4686 -0.056
10.3151 13.4622 -0.056
10.813 13.4378 -0.0535
11.3402 13.4603 -0.0592
11.855 13.4665 -0.0604
12.3742 13.4716 -0.0615
12.8889 13.4735 -0.064
13.4021 13.4749 -0.0639
13.9146 13.4748 -0.0674
14.4231 13.4684 -0.0666
16.5504 15.4216 -0.3546
13.4946 13.0803 -0.0811
14.0254 14.4512 -0.2379
11.6774 12.0085 0.0459
11.947 13.0839 -0.0761
11.4201 13.0696 -0.0725
10.9183 13.0912 -0.0752
10.4647 13.1997 -0.085
9.9336 13.1841 -0.0819
9.5164 13.3777 -0.1038
8.9897 13.3795 -0.101
8.4643 13.3811 -0.1005
7.8691 13.2232 -0.0816
7.382 13.313 -0.0888
6.8616 13.3225 -0.0909
6.2538 13.07 -0.0584
5.6906 12.9137 -0.0412
5.1539 12.8205 -0.0273
4.5898 12.576 0.0019
4.1096 12.6858 -0.0097
3.6012 12.6567 -0.0061
3.6202 12.2661 -0.0198
4.129 12.2749 -0.0228
4.6401 12.2921 -0.0259
5.1759 12.3933 -0.0385
6.0353 13.5244 -0.1744
6.1897 12.3647 -0.0379
6.7065 12.3827 -0.0419
7.693 13.5454 -0.1809
8.2402 13.5364 -0.1819
8.7979 13.5485 -0.1846
8.7891 12.4609 -0.0573
9.8781 13.5069 -0.1819
9.7891 12.4153 -0.0531
10.3344 12.4691 -0.062
10.8241 12.4291 -0.0575
12.0695 13.4967 -0.1868
11.8476 12.427 -0.0619
12.3692 12.4428 -0.0636
13.693 13.4665 -0.1886
14.2313 13.4531 -0.1875
13.9567 12.4985 -0.0739
14.4616 12.4861 -0.0743
14.3821 11.8867 -0.0642
13.9362 11.9578 -0.0731
13.4039 11.9383 -0.0694
12.8678 11.9103 -0.065
12.3786 11.9385 -0.0675
11.8202 11.8794 -0.0582
11.3586 11.9487 -0.0653
10.8429 11.9443 -0.0634
10.3246 11.9375 -0.0613
9.1702 10.8792 0.0717
8.7082 10.9014 0.0702
11.0034 16.1039 -0.57
7.7639 10.9153 0.0709
7.2645 10.8687 0.0773
5.7814 9.5035 0.2482
5.6902 11.892 -0.0434
4.4445 9.3024 0.2761
4.629 11.741 -0.0213
4.1328 11.7852 -0.0259
3.3975 10.497 0.1345
4.1269 11.2518 -0.0238
4.6571 11.3435 -0.0361
5.178 11.3782 -0.0419
5.706 11.4235 -0.0487
6.7052 12.7512 -0.2196
6.7606 11.4968 -0.0618
7.2904 11.5258 -0.0665
7.8179 11.5496 -0.0714
8.3387 11.5559 -0.0726
8.8644 11.568 -0.0766
9.3778 11.559 -0.0758
9.8601 11.5043 -0.071
10.3416 11.4507 -0.0657
10.0855 10.3509 0.0741
10.5722 10.3684 0.0699
11.0556 10.3797 0.0679
12.3769 11.4222 -0.0672
12.8982 11.4346 -0.0701
13.451 11.4785 -0.0776
15.8989 13.5749 -0.3502
15.3861 12.4232 -0.2028
14.4271 10.9073 -0.0736
13.924 10.9208 -0.0751
13.4088 10.9153 -0.0722
12.8814 10.901 -0.068
12.3569 10.8873 -0.0661
11.8643 10.9109 -0.068
11.369 10.9336 -0.0698
10.8724 10.9589 -0.0711
10.3693 10.9772 -0.0717
9.8735 11.0072 -0.0744
9.3727 11.0361 -0.0768
8.8656 11.0546 -0.0771
8.3532 11.0646 -0.0771
7.8264 11.0499 -0.0753
7.2982 11.0304 -0.0706
6.7715 11.0069 -0.0668
6.2386 10.9643 -0.0589
5.7094 10.9264 -0.053
5.1847 10.8896 -0.0465
4.6602 10.8434 -0.0385
4.1442 10.82 -0.0344
3.6338 10.3088 -0.0348
4.1494 10.3295 -0.0381
4.6692 10.3647 -0.0442
5.19 10.3922 -0.0502
5.7183 10.4377 -0.0583
6.2544 10.489 -0.0647
6.7883 10.5286 -0.0727
7.3164 10.5485 -0.0762
7.8393 10.5572 -0.0798
8.3661 10.5704 -0.082
8.8852 10.5676 -0.0826
9.4006 10.5609 -0.0838
9.8929 10.5202 -0.0807
10.396 10.4966 -0.0776
10.9083 10.4941 -0.0798
11.3969 10.457 -0.0748
11.9052 10.4472 -0.0759
12.4053 10.4284 -0.0751
12.9284 10.4401 -0.0777
13.4551 10.4522 -0.08
13.9571 10.4371 -0.0802
14.4493 10.4173 -0.0792
14.4987 9.9507 -0.0849
13.9828 9.9492 -0.0848
13.4652 9.9464 -0.0834
12.9531 9.9499 -0.0822
12.4544 9.9679 -0.0843
11.9524 9.9882 -0.0843
11.4209 9.9714 -0.0814
10.926 9.9996 -0.0836
10.4236 10.0191 -0.0854
9.9176 10.0375 -0.0869
9.4034 10.0462 -0.0859
8.88 10.0376 -0.0846
8.3654 10.0492 -0.084
7.8457 10.0465 -0.0826
7.3133 10.024 -0.0781
6.79 10.0111 -0.0739
6.2618 9.9935 -0.0697
5.7286 9.9481 -0.0623
5.1953 9.8991 -0.0538
4.6754 9.8746 -0.0493
4.1525 9.835 -0.0417
3.6328 9.7922 -0.0341
3.6304 9.2673 -0.0338
4.1546 9.331 -0.0439
4.6806 9.3799 -0.0524
5.2017 9.3998 -0.0574
5.7313 9.4383 -0.0642
6.2522 9.4523 -0.0686
6.7849 9.4839 -0.0741
7.3123 9.503 -0.079
7.8421 9.5226 -0.083
8.372 9.5401 -0.0857
8.8916 9.5358 -0.0868
9.4025 9.5236 -0.0865
9.9067 9.502 -0.0863
10.4299 9.5089 -0.0879
10.939 9.4966 -0.0859
11.4346 9.4703 -0.0838
11.9311 9.446 -0.0825
12.4665 9.4656 -0.0861
12.969 9.4512 -0.0848
13.4616 9.428 -0.0849
13.9989 9.4472 -0.0871
14.4992 9.434 -0.0883
14.5076 8.925 -0.0884
13.9932 8.9244 -0.0878
13.4653 8.9151 -0.0853
12.9468 8.9129 -0.0846
12.4487 8.9301 -0.0845
11.9437 8.9423 -0.0845
11.4418 8.9595 -0.0875
10.9363 8.9739 -0.0885
10.4121 8.9675 -0.0854
9.9061 8.9821 -0.086
9.4046 9.0071 -0.0887
8.8805 8.9989 -0.0869
8.3537 8.991 -0.0837
7.8418 9.0016 -0.0838
7.3125 8.9832 -0.0795
6.7744 8.9471 -0.0731
6.258 8.9471 -0.0714
5.7337 8.9316 -0.067
5.2017 8.8845 -0.058
4.6825 8.8735 -0.0549
4.1539 8.8197 -0.0454
3.6331 8.7715 -0.0368
3.6326 8.2667 -0.0381
4.1572 8.3187 -0.0485
4.6851 8.3664 -0.057
5.2082 8.39 -0.0619
5.7344 8.4146 -0.0674
6.2561 8.4259 -0.0721
6.7854 8.4504 -0.0766
7.3173 8.4735 -0.0814
7.8423 8.4829 -0.0853
8.3567 8.4757 -0.0854
8.8763 8.4742 -0.0854
9.3956 8.4735 -0.0868
9.9054 8.4632 -0.0867
10.4155 8.4532 -0.0862
10.9121 8.4273 -0.0841
11.4304 8.4296 -0.0867
11.9456 8.428 -0.0863
12.4438 8.4095 -0.0847
12.949 8.402 -0.086
13.4796 8.4118 -0.0881
13.9927 8.4094 -0.0899
14.5124 8.4123 -0.0907
14.5013 7.8869 -0.0925
13.9944 7.8962 -0.092
13.4851 7.8998 -0.0913
12.9589 7.8913 -0.0886
12.4439 7.8922 -0.0866
11.9557 7.9211 -0.0901
11.4435 7.9253 -0.0896
10.9334 7.9326 -0.0895
10.405 7.9231 -0.0862
9.8911 7.9265 -0.0846
9.3859 7.9436 -0.0863
8.8641 7.938 -0.0842
8.3548 7.951 -0.0854
7.8339 7.949 -0.0832
7.3105 7.9423 -0.0805
6.7827 7.9261 -0.0771
6.2544 7.9054 -0.0719
5.7296 7.8902 -0.0682
5.2089 7.877 -0.0644
4.6825 7.8445 -0.0577
4.158 7.8089 -0.0498
3.632 7.7509 -0.0388
3.6286 7.2317 -0.0381
4.1568 7.2919 -0.0503
4.6814 7.3273 -0.058
5.2022 7.3441 -0.0626
5.7297 7.3711 -0.0679
6.2586 7.3975 -0.0739
6.7771 7.3982 -0.0766
7.3062 7.4175 -0.0806
7.8188 7.4088 -0.0818
8.3337 7.4045 -0.0817
8.8487 7.4009 -0.0828
9.3646 7.3988 -0.0838
9.8606 7.3757 -0.0799
10.3901 7.3896 -0.0847
10.9107 7.3938 -0.0857
11.4357 7.4008 -0.0889
11.9476 7.3955 -0.0898
12.4605 7.3918 -0.0898
12.9553 7.3741 -0.0891
13.4792 7.3789 -0.0919
14.0126 7.3917 -0.0941
14.5126 7.3789 -0.0931
14.4764 6.8387 -0.0909
13.9817 6.8539 -0.0911
13.4718 6.8562 -0.0911
12.9438 6.849 -0.0878
12.4257 6.8455 -0.086
11.9119 6.8472 -0.0848
11.3964 6.8475 -0.0841
10.8826 6.8481 -0.0821
10.357 6.8372 -0.0797
9.8446 6.841 -0.0784
9.3243 6.8356 -0.0762
8.8123 6.8388 -0.0741
8.3037 6.8478 -0.0753
7.7914 6.853 -0.0758
7.2805 6.8583 -0.0753
6.7602 6.8514 -0.0726
6.2358 6.8383 -0.0678
5.7146 6.8243 -0.0635
5.1942 6.8095 -0.0594
4.6703 6.786 -0.0535
4.1478 6.7527 -0.0461
3.6241 6.7055 -0.0357
3.6123 6.1571 -0.0291
4.1329 6.2006 -0.0391
4.6545 6.2317 -0.0461
5.1698 6.2456 -0.051
5.6847 6.2544 -0.0541
6.2108 6.2803 -0.0596
6.729 6.2897 -0.0633
7.2401 6.2861 -0.0647
7.7499 6.2819 -0.0647
8.2497 6.2649 -0.0636
8.7681 6.2726 -0.0652
9.2778 6.2709 -0.0663
9.7883 6.2685 -0.0682
10.3091 6.2772 -0.0714
10.8218 6.2787 -0.0734
11.3421 6.2852 -0.0754
11.8576 6.2874 -0.0773
12.3743 6.2903 -0.0787
12.894 6.2941 -0.0806
13.3993 6.2895 -0.0814
13.9193 6.2937 -0.0831
14.4207 6.2851 -0.0839
14.3566 5.7343 -0.0764
13.8375 5.7274 -0.0731
13.331 5.7315 -0.0726
12.8136 5.7256 -0.0713
12.3002 5.7228 -0.0691
11.7926 5.7246 -0.0667
11.2713 5.7158 -0.0639
10.7608 5.7128 -0.0616
10.2323 5.6975 -0.058
9.7324 5.7046 -0.0577
9.2247 5.7061 -0.0571
8.7075 5.6974 -0.0523
8.2002 5.6973 -0.0519
7.6982 5.7061 -0.0523
7.1864 5.7013 -0.0502
6.6761 5.6986 -0.0484
6.1758 5.7109 -0.049
5.6622 5.703 -0.0465
5.1503 5.6945 -0.0428
4.6331 5.6749 -0.0372
4.1194 5.6547 -0.0314
3.6067 5.6336 -0.0258
3.6023 5.1162 -0.024
4.113 5.1327 -0.0294
4.6219 5.1432 -0.0329
5.1321 5.1534 -0.0366
5.6434 5.1606 -0.0403
6.1525 5.1659 -0.0414
6.6565 5.1629 -0.0434
7.1679 5.1684 -0.0456
7.672 5.1655 -0.0466
8.1754 5.1626 -0.0462
8.6873 5.1685 -0.0488
9.2097 5.1831 -0.0542
9.708 5.1743 -0.0538
10.2053 5.1665 -0.0533
10.736 5.1852 -0.0581
11.2447 5.186 -0.0613
11.7501 5.184 -0.0624
12.2757 5.1952 -0.0654
12.7831 5.1952 -0.0672
13.3038 5.2029 -0.0693
13.8129 5.2043 -0.0707
14.3289 5.2078 -0.0738
14.3462 4.7068 -0.0782
13.8372 4.7075 -0.077
13.3324 4.7104 -0.0751
12.7977 4.6953 -0.0701
12.2907 4.6973 -0.069
11.772 4.6918 -0.0664
11.2619 4.6907 -0.0644
10.7524 4.69 -0.0627
10.2295 4.6776 -0.0599
9.7306 4.6854 -0.0588
9.2074 4.673 -0.0557
8.6952 4.6684 -0.0522
8.1836 4.6649 -0.0498
7.6814 4.6696 -0.0506
7.1792 4.6754 -0.0495
6.6602 4.6603 -0.0453
6.1492 4.6544 -0.0421
5.6487 4.6632 -0.043
5.1342 4.6513 -0.0382
4.6254 4.6456 -0.0356
4.1145 4.6327 -0.0312
3.6037 4.6141 -0.0252
3.6071 4.1213 -0.0294
4.1223 4.1446 -0.0363
4.6327 4.1531 -0.0408
5.1459 4.1633 -0.0442
5.6542 4.1647 -0.047
6.164 4.1693 -0.0492
6.6793 4.1779 -0.052
7.1872 4.1774 -0.0535
7.6937 4.1744 -0.0551
8.2038 4.176 -0.0565
8.7152 4.1782 -0.0582
9.2256 4.1793 -0.0601
9.7504 4.1925 -0.0642
10.2742 4.2032 -0.0691
10.7675 4.1919 -0.0674
11.2958 4.2041 -0.0715
11.7817 4.1875 -0.0694
12.3286 4.21 -0.0757
12.8297 4.2053 -0.0773
13.3467 4.2093 -0.0797
13.8737 4.2173 -0.0815
14.3785 4.2134 -0.0826
14.4077 3.717 -0.0885
13.8845 3.7107 -0.086
13.3813 3.7143 -0.0852
12.8766 3.7186 -0.0841
12.3498 3.7122 -0.0811
11.832 3.708 -0.0795
11.3208 3.7074 -0.0779
10.8079 3.7074 -0.0757
10.2927 3.7054 -0.0748
9.7738 3.6994 -0.0713
9.255 3.6937 -0.0683
8.7346 3.6861 -0.0642
8.2102 3.6742 -0.0592
7.7058 3.6779 -0.0597
7.2026 3.684 -0.0591
6.695 3.6855 -0.0582
6.181 3.6814 -0.0561
5.6706 3.679 -0.0541
5.1576 3.6738 -0.0514
4.6434 3.6655 -0.0473
4.1279 3.65 -0.0417
3.6137 3.6332 -0.0354
3.6213 3.144 -0.0414
4.1388 3.1638 -0.0489
4.6577 3.1799 -0.0552
5.1698 3.1832 -0.0583
5.684 3.1869 -0.0609
6.1983 3.1908 -0.0628
6.7009 3.1823 -0.0623
7.2094 3.1793 -0.0623
7.7156 3.1761 -0.0621
8.2186 3.1715 -0.0625
8.7558 3.1915 -0.0701
9.2831 3.203 -0.075
9.8059 3.2092 -0.0779
10.3264 3.2134 -0.081
10.8462 3.2186 -0.0842
11.3555 3.2158 -0.0849
11.8613 3.2118 -0.0857
12.379 3.2128 -0.0876
12.8999 3.2174 -0.0904
13.4101 3.217 -0.0905
13.9282 3.2167 -0.0919
14.4292 3.2119 -0.093
14.4385 2.7021 -0.0949
13.9236 2.7024 -0.0927
13.4119 2.7029 -0.0913
12.9061 2.7063 -0.0913
12.4024 2.7107 -0.0923
11.8773 2.7051 -0.089
11.371 2.7094 -0.0891
10.8622 2.712 -0.0885
10.3342 2.705 -0.0851
9.8081 2.6981 -0.0805
9.291 2.6947 -0.0783
8.7645 2.6857 -0.0738
8.231 2.6707 -0.0667
7.7116 2.6636 -0.0628
7.2076 2.6682 -0.0624
6.701 2.672 -0.0635
6.2018 2.6836 -0.0659
5.6931 2.687 -0.0657
5.1807 2.6854 -0.0633
4.6635 2.6777 -0.06
4.1438 2.664 -0.0532
3.6279 2.6504 -0.0471
3.6236 2.1348 -0.0456
4.144 2.1542 -0.0546
4.6638 2.1669 -0.0606
5.1787 2.171 -0.0637
5.6948 2.1762 -0.0667
6.2057 2.1755 -0.0682
6.7088 2.1677 -0.067
7.2117 2.1614 -0.0652
7.7193 2.1594 -0.0659
8.2346 2.1626 -0.0694
8.7715 2.1784 -0.0759
9.295 2.1849 -0.0799
9.8197 2.1907 -0.0833
10.3489 2.1992 -0.0888
10.8698 2.2014 -0.0907
11.372 2.1962 -0.0906
11.8794 2.1937 -0.0899
12.3833 2.1888 -0.09
12.9051 2.191 -0.0927
13.4017 2.1864 -0.0927
13.9116 2.1844 -0.0926
14.4251 2.1847 -0.0945
14.4228 1.6702 -0.0958
13.9191 1.674 -0.095
13.4099 1.6745 -0.0936
12.9092 1.6796 -0.0941
12.3885 1.6763 -0.093
11.8873 1.6814 -0.0921
11.3705 1.6808 -0.0916
10.8431 1.6755 -0.088
10.3341 1.6774 -0.086
9.8221 1.6777 -0.0858
9.3015 1.6743 -0.0829
8.7803 1.671 -0.0795
8.2564 1.6652 -0.0753
7.7394 1.6616 -0.0727
7.224 1.6586 -0.0704
6.7199 1.6648 -0.071
6.209 1.6663 -0.0706
5.695 1.6643 -0.0684
5.1776 1.6588 -0.0648
4.6611 1.6529 -0.0612
4.1405 1.6396 -0.0534
3.6185 1.6193 -0.0436
3.6206 1.115 -0.0454
4.1426 1.1334 -0.0558
4.6602 1.1414 -0.0616
5.1781 1.1475 -0.0663
5.6976 1.1542 -0.0705
6.2158 1.1583 -0.0737
6.7326 1.1601 -0.0763
7.2483 1.162 -0.0781
7.7582 1.1601 -0.0795
8.2716 1.1601 -0.0805
8.7934 1.1636 -0.0835
9.3063 1.1632 -0.0856
9.8159 1.162 -0.0861
10.3268 1.1607 -0.0863
10.8399 1.1609 -0.0878
11.3656 1.1653 -0.0909
11.8789 1.1648 -0.0933
12.3944 1.1651 -0.0945
12.9079 1.1664 -0.096
13.4201 1.1648 -0.0967
13.9148 1.1591 -0.0961
14.4336 1.1609 -0.0969
14.4304 0.646 -0.0989
13.9402 0.6523 -0.0994
13.4272 0.6523 -0.0993
12.9167 0.6535 -0.0975
12.3891 0.6497 -0.0946
11.9 0.6581 -0.0983
11.3649 0.6511 -0.0923
10.8336 0.646 -0.0873
10.3168 0.644 -0.0854
9.8188 0.6493 -0.0872
9.2975 0.6465 -0.0842
8.7958 0.6508 -0.0856
8.277 0.6489 -0.0829
7.7596 0.6469 -0.0808
7.2501 0.6492 -0.0807
6.7352 0.6483 -0.0785
6.2163 0.6458 -0.0753
5.6973 0.6416 -0.0715
5.1793 0.6374 -0.0682
4.6602 0.6307 -0.0624
4.1437 0.6249 -0.058
3.6241 0.6122 -0.0492
3.6257 0.1066 -0.0516
4.1433 0.1148 -0.0589
4.6604 0.1204 -0.0642
5.18 0.1258 -0.0693
5.6943 0.1274 -0.0719
6.2131 0.1307 -0.0754
6.7303 0.1329 -0.0777
7.2443 0.1326 -0.08
7.7581 0.1334 -0.0813
8.2799 0.1361 -0.0844
8.7907 0.1357 -0.0861
9.3013 0.1348 -0.087
9.8115 0.1329 -0.0866
10.3131 0.1301 -0.0861
10.8213 0.1296 -0.0874
11.3541 0.1348 -0.0924
11.8892 0.1391 -0.0972
12.4011 0.1385 -0.0986
12.9105 0.1381 -0.0987
13.4332 0.1394 -0.1008
13.9333 0.1358 -0.1001
14.4278 0.1331 -0.1001
14.3781 -0.3882 -0.0935
13.8886 -0.3843 -0.0953
13.3963 -0.3818 -0.0974
12.9155 -0.3753 -0.1001
12.3917 -0.3772 -0.0979
11.859 -0.3807 -0.0933
11.358 -0.3786 -0.0935
10.8242 -0.382 -0.0883
10.3004 -0.3847 -0.085
9.7986 -0.3834 -0.0859
9.2948 -0.3804 -0.0865
8.7825 -0.3803 -0.0853
8.2668 -0.3813 -0.0829
7.745 -0.3837 -0.0794
7.228 -0.3858 -0.0764
6.7161 -0.386 -0.0745
6.2046 -0.3853 -0.0731
5.6815 -0.3902 -0.0683
5.1674 -0.3924 -0.0647
4.6533 -0.3946 -0.0616
4.1369 -0.3989 -0.0563
3.6224 -0.4045 -0.0505
3.6174 -0.9146 -0.0484
4.129 -0.9118 -0.0527
4.6407 -0.9098 -0.0562
5.1546 -0.9077 -0.0604
5.6694 -0.9049 -0.0641
6.1869 -0.9028 -0.0683
6.7014 -0.9015 -0.0712
7.2155 -0.9006 -0.0737
7.7341 -0.8983 -0.0772
8.2508 -0.8979 -0.0805
8.7711 -0.8962 -0.0833
9.2837 -0.8959 -0.0845
9.7852 -0.8978 -0.0844
10.2934 -0.8983 -0.0854
10.8107 -0.8973 -0.0877
11.3385 -0.8958 -0.0913
11.8521 -0.8948 -0.0926
12.3783 -0.8921 -0.096
12.8772 -0.8945 -0.0955
13.3537 -0.8996 -0.0919
13.8321 -0.9034 -0.0892
14.3278 -0.9058 -0.0878
14.2948 -1.4174 -0.0838
13.8061 -1.4164 -0.0862
13.3287 -1.4131 -0.0901
12.839 -1.4116 -0.0919
12.3515 -1.4094 -0.0936
11.8367 -1.4092 -0.0915
11.3229 -1.4088 -0.0897
10.7984 -1.4102 -0.0861
10.2826 -1.4114 -0.0844
9.7822 -1.4104 -0.0845
9.2654 -1.4107 -0.0826
8.7595 -1.4099 -0.0823
8.2457 -1.4104 -0.0802
7.7275 -1.4118 -0.0763
7.2068 -1.4129 -0.0722
6.6835 -1.4152 -0.0664
6.1695 -1.4165 -0.0635
5.6596 -1.4168 -0.0612
5.1391 -1.4204 -0.0547
4.6298 -1.4209 -0.0521
4.1199 -1.4222 -0.0487
3.614 -1.4222 -0.0469
3.6073 -1.9293 -0.0434
4.1124 -1.9292 -0.0454
4.6222 -1.9286 -0.0493
5.1257 -1.9285 -0.0502
5.6385 -1.9276 -0.0544
6.1548 -1.9266 -0.0592
6.6686 -1.9261 -0.0633
7.1938 -1.9244 -0.0695
7.7197 -1.9233 -0.0755
8.241 -1.9215 -0.0797
8.7534 -1.922 -0.0821
9.2672 -1.9213 -0.083
9.7724 -1.9219 -0.0832
10.2743 -1.9225 -0.0834
10.7937 -1.9221 -0.0868
11.3293 -1.9213 -0.0914
11.8351 -1.9212 -0.0932
12.3552 -1.9212 -0.096
12.874 -1.9212 -0.0969
13.3512 -1.9216 -0.0944
13.8322 -1.9236 -0.0915
14.3188 -1.9243 -0.0882
14.3335 -2.4327 -0.0913
13.8812 -2.4326 -0.0984
13.4265 -2.4335 -0.1053
12.9187 -2.4327 -0.1057
12.373 -2.4336 -0.0992
11.8376 -2.4328 -0.0945
11.3175 -2.433 -0.0914
10.7926 -2.433 -0.088
10.274 -2.4337 -0.084
9.764 -2.4337 -0.0833
9.2607 -2.4332 -0.0838
8.757 -2.4331 -0.0837
8.2428 -2.433 -0.0816
7.7141 -2.4332 -0.0752
7.1965 -2.4333 -0.0716
6.6635 -2.4332 -0.063
6.1442 -2.4333 -0.0571
5.6295 -2.4334 -0.0524
5.1171 -2.4333 -0.0473
4.6107 -2.4336 -0.0448
4.1035 -2.4338 -0.0415
3.5985 -2.4337 -0.0385
3.596 -2.9357 -0.0378
4.0987 -2.9357 -0.0394
4.6051 -2.9364 -0.0431
5.1067 -2.9359 -0.044
5.6203 -2.9374 -0.0496
6.1376 -2.9386 -0.0561
6.6575 -2.9401 -0.0622
7.187 -2.9418 -0.07
7.7114 -2.9429 -0.0762
8.2404 -2.9443 -0.0819
8.7583 -2.9444 -0.0854
9.2738 -2.9446 -0.0871
9.7602 -2.9429 -0.0834
10.2619 -2.9425 -0.0834
10.7783 -2.9432 -0.0862
11.3047 -2.9438 -0.0899
11.8559 -2.9464 -0.0977
12.4193 -2.9472 -0.1076
12.9576 -2.9485 -0.1123
13.4331 -2.9473 -0.1076
13.885 -2.9451 -0.1016
14.3279 -2.9429 -0.0926
