2.5192 -1.723 2.46
1.89 -0.6489 2.4595
1.0189 -0.1763 2.4704
0.4232 -0.1008 2.4744
-0.0878 -0.1832 2.4704
-0.8232 -0.5731 2.4538
-1.1692 -0.9269 2.4393
-1.5134 -1.6452 2.4352
2.3747 -1.7491 3.7765
1.8494 -0.8003 3.7676
1.1135 -0.3433 3.7693
-0.0854 -0.336 3.7608
-0.7889 -0.7242 3.7551
-1.1338 -1.1287 3.7594
-1.3941 -1.7317 3.7518
2.3017 -1.7258 6.8157
1.7517 -0.8029 6.8174
0.996 -0.3756 6.8079
0.1486 -0.3385 6.8051
-0.3089 -0.4782 6.7942
-0.8855 -0.9012 6.7951
2.2974 -1.8259 7.995
2.011 -1.1365 8.0016
1.0347 -0.4193 7.9914
0.0657 -0.3807 7.9626
-0.7007 -0.7585 7.9758
-0.7007 -0.7589 7.9757
-1.0753 -1.1784 7.9645
2.1913 -1.7138 8.9732
1.6053 -0.8178 8.9734
0.4967 -0.4233 8.9502
-0.2193 -0.5709 8.9384
-0.8339 -1.0212 8.9367
-0.9728 -1.1997 8.9294
2.1106 -1.6287 11.0629
1.6417 -0.9183 11.0438
0.778 -0.4957 11.0365
0.211 -0.4984 11.0376
-0.2874 -0.6591 11.0218
-0.7628 -1.0149 11.0247
-0.9887 -1.3054 11.0157
2.0771 -1.7167 13.4118
1.7013 -1.0604 13.3878
0.8567 -0.5687 13.3695
-0.078 -0.6295 13.3582
-0.5313 -0.871 13.3586
-0.7958 -1.1281 13.3533
-0.9937 -1.4221 13.3531
2.0237 -1.7332 15.6108
1.7792 -1.2477 15.6055
0.8228 -0.6204 15.627
0.0723 -0.6392 15.6111
-0.5668 -0.9681 15.5702
-0.8344 -1.2581 15.598
1.9793 -1.7321 17.3107
1.8097 -1.3708 17.2968
1.4303 -0.9535 17.2976
0.7675 -0.6528 17.2968
0.1756 -0.6622 17.3006
-0.3228 -0.8436 17.2993
-0.7832 -1.2483 17.3042
-0.8768 -1.3868 17.2899
1.9525 -1.8084 18.9213
1.692 -1.2816 18.8928
0.8854 -0.725 18.9053
0.4089 -0.6797 18.8929
-0.1524 -0.8027 18.8907
-0.5528 -1.0583 18.894
-0.7989 -1.3342 18.8734
1.8949 -1.7623 20.5568
1.5167 -1.1438 20.5425
0.7116 -0.7329 20.5563
0.154 -0.7484 20.5628
-0.377 -0.9662 20.5424
-0.7074 -1.2676 20.537
-0.8443 -1.4622 20.5271
1.8885 -1.8687 22.2099
1.5196 -1.1972 22.2068
0.7683 -0.7745 22.1796
0.1086 -0.7882 22.1865
-0.2179 -0.909 22.1861
-0.5602 -1.1517 22.1905
-0.7603 -1.3839 22.1825
1.823 -1.7784 23.8882
1.5272 -1.2643 23.9015
1.0258 -0.8975 23.8785
0.4765 -0.7847 23.8815
-0.0702 -0.8788 23.8623
-0.6881 -1.3359 23.8639
-0.8746 -1.6487 23.8722
1.7678 -1.7432 25.584
1.1838 -1.0316 25.5667
0.6308 -0.8318 25.5728
0.2208 -0.8439 25.5793
-0.1189 -0.9395 25.5595
-0.6196 -1.3027 25.5451
-0.8191 -1.6091 25.5508
1.7202 -1.7325 27.3014
1.2803 -1.1513 27.2867
0.7893 -0.903 27.2818
0.3729 -0.8663 27.2895
0.024 -0.9248 27.2705
-0.629 -1.3658 27.2857
-0.741 -1.5311 27.2872
1.7146 -1.814 28.7837
1.312 -1.2177 28.7798
0.6155 -0.9057 28.7899
0.1844 -0.9197 28.7984
-0.4735 -1.2422 28.7694
-0.691 -1.5031 28.7817
1.6875 -1.8725 30.4856
1.3254 -1.2834 30.4717
0.4493 -0.9294 30.4794
-0.3896 -1.2129 30.4717
-0.666 -1.5206 30.4674
1.6366 -1.8376 32.1699
1.3332 -1.3503 32.1645
0.5277 -0.9723 32.1469
-0.4047 -1.2742 32.1475
-0.7257 -1.6825 32.1316
1.6192 -1.9417 33.8371
1.2285 -1.317 33.8327
0.5245 -1.0149 33.7992
-0.3953 -1.3112 33.7973
-0.6398 -1.5928 33.7851
-0.7931 -1.9449 33.8275
1.5322 -1.8295 35.6891
1.1095 -1.289 35.6818
0.5527 -1.0673 35.6754
1.4372 -1.6425 35.6955
0.7358 -1.1014 35.6595
0.165 -1.0857 35.6713
-0.3213 -1.3086 35.6708
-0.5907 -1.5901 35.6713
1.5294 -1.8213 35.6775
1.101 -1.2838 35.6952
0.3835 -1.0582 35.6741
1.5427 -1.8628 35.7083
1.2176 -1.3851 35.6936
0.7141 -1.0968 35.6638
0.1603 -1.0863 35.6606
-0.4851 -1.4575 35.664
-0.6041 -1.6081 35.6412
1.4497 -1.7594 37.2769
1.1852 -1.4082 37.2662
0.7072 -1.1394 37.2543
0.2159 -1.1156 37.2425
-0.4137 -1.4305 37.2468
-0.6223 -1.7061 37.2546
1.4167 -1.7867 38.8579
1.1851 -1.4613 38.841
0.5918 -1.1534 38.8293
0.2286 -1.1517 38.8282
-0.468 -1.539 38.835
-0.6639 -1.7888 38.8359
1.3978 -1.8722 40.5359
0.9079 -1.3176 40.5287
0.529 -1.1946 40.5305
0.222 -1.1996 40.5357
-0.3218 -1.445 40.5167
-0.4921 -1.6146 40.5059
1.3496 -1.9112 42.2415
0.997 -1.46 42.2253
0.4684 -1.2537 42.2268
-0.3197 -1.4978 42.2093
-0.4636 -1.6409 42.2047
1.2734 -1.8778 43.8219
0.8576 -1.4479 43.8328
0.3404 -1.3141 43.804
-0.2985 -1.5294 43.7917
1.8557 -3.7432 2.478
2.4996 -2.6895 2.4835
2.5623 -2.2827 2.49
2.5435 -1.8752 2.4888
2.402 -1.3771 2.4879
2.1028 -0.8771 2.4882
1.7178 -0.5064 2.4887
1.0754 -0.1908 2.502
0.5579 -0.1002 2.4951
0.1642 -0.1268 2.4969
1.8213 -3.5799 3.8029
2.3427 -2.7189 3.8008
2.4166 -2.1784 3.8046
2.3728 -1.761 3.8047
2.2909 -1.4869 3.8034
1.9319 -0.8962 3.8037
1.4981 -0.5342 3.809
0.9757 -0.3099 3.8029
0.2856 -0.2584 3.7922
-0.2166 -0.3784 3.7851
1.7284 -3.5861 6.837
2.2854 -2.6865 6.8342
2.3515 -2.3031 6.836
2.3312 -1.8851 6.8382
2.2271 -1.5074 6.831
2.1139 -1.259 6.8421
1.8768 -0.9295 6.8453
1.5392 -0.6325 6.8416
0.7649 -0.3312 6.837
0.4432 -0.3101 6.8371
-0.0851 -0.3942 6.8261
1.6919 -3.5886 7.999
2.2704 -2.6541 7.9988
2.3296 -2.1009 7.9827
2.1619 -1.4014 7.9776
1.8431 -0.9283 7.9863
1.5139 -0.6484 7.9859
0.6139 -0.3374 7.9898
0.3019 -0.3416 7.9813
1.7257 -3.4551 8.7549
2.2305 -2.5145 8.7534
2.2569 -2.1186 8.7313
2.2016 -1.7404 8.7439
1.9831 -1.2425 8.7154
1.731 -0.9247 8.722
0.903 -0.4647 8.7538
0.1069 -0.4582 8.732
1.7328 -3.3699 11.0638
2.1929 -2.3535 11.0746
2.1657 -1.8357 11.0416
1.9112 -1.2324 11.0413
1.3476 -0.6976 11.0304
0.8204 -0.5005 11.0418
0.3883 -0.4759 11.0265
0.0647 -0.5253 11.0168
1.6327 -3.3889 13.4165
2.121 -2.4833 13.399
2.1208 -1.916 13.3993
1.9878 -1.4787 13.3893
1.7998 -1.1781 13.3819
1.4223 -0.8161 13.3922
0.4724 -0.5312 13.376
-0.0203 -0.6065 13.3571
1.6157 -3.3395 15.6128
2.0682 -2.4614 15.6133
2.0652 -1.9191 15.5996
1.9027 -1.4452 15.623
1.6304 -1.0735 15.6339
1.3693 -0.8535 15.6254
0.4667 -0.5873 15.613
1.5797 -3.3141 17.324
1.9875 -2.6158 17.3013
2.0452 -2.1154 17.3107
1.8864 -1.5132 17.3032
1.594 -1.0991 17.2971
0.4774 -0.6305 17.3053
1.5643 -3.2723 18.9243
1.9294 -2.6702 18.8843
2.0011 -2.1279 18.9121
1.8007 -1.4504 18.8889
1.4466 -1.026 18.909
0.6409 -0.6842 18.8914
0.1426 -0.7088 18.8981
1.4944 -3.2908 20.5628
1.9319 -2.4974 20.5591
1.9563 -2.1139 20.5596
1.747 -1.4403 20.5581
1.6236 -1.266 20.5435
1.2711 -0.9478 20.5437
0.4379 -0.7158 20.5601
1.5094 -3.2316 22.2338
1.921 -2.3997 22.1991
1.8741 -1.8227 22.205
1.7298 -1.4821 22.1911
1.2541 -0.9818 22.2144
0.3583 -0.7526 22.193
1.4343 -3.2514 23.9207
1.8069 -2.6977 23.8872
1.8665 -2.4989 23.9048
1.7521 -1.6097 23.8909
1.2354 -1.0152 23.9042
0.6977 -0.8008 23.8796
0.2825 -0.7943 23.8743
1.3958 -3.2395 25.598
1.7785 -2.6757 25.5733
1.8182 -1.9209 25.589
1.6068 -1.4375 25.568
1.323 -1.1304 25.582
0.9593 -0.9179 25.5658
0.3996 -0.8278 25.5743
0.0357 -0.8857 25.5968
1.3391 -3.2464 27.3172
1.7269 -2.7041 27.2745
1.7762 -1.9136 27.2754
1.5419 -1.4214 27.3042
1.4125 -1.27 27.3191
0.9585 -0.9656 27.2967
0.5505 -0.8678 27.3149
0.1606 -0.8907 27.3006
1.3837 -3.1656 28.8019
1.7409 -2.5826 28.7723
1.7644 -2.0227 28.7759
1.5513 -1.489 28.7897
0.9709 -1.0058 28.8031
0.3032 -0.9068 28.799
1.3394 -3.1581 30.532
1.6653 -2.684 30.4834
1.7043 -1.9295 30.4719
1.5804 -1.6166 30.4799
1.0565 -1.0951 30.4853
0.7534 -0.9704 30.4884
0.2201 -0.9505 30.4871
1.3097 -3.1393 32.1893
1.6221 -2.6889 32.1225
1.6961 -2.0715 32.1472
1.4829 -1.5382 32.1486
1.0292 -1.1234 32.1533
0.7572 -1.0163 32.1602
0.2168 -0.9907 32.1518
1.3272 -3.0624 33.8474
1.6053 -2.6205 33.7822
1.657 -2.1236 33.8054
1.4646 -1.5998 33.8167
0.9248 -1.1199 33.8126
0.7126 -1.0466 33.7898
0.2183 -1.0334 33.8377
1.2656 -3.0663 35.7531
1.5315 -2.6709 35.6743
1.6035 -2.1232 35.69
1.419 -1.6227 35.6855
0.9467 -1.1912 35.6906
0.3882 -1.0611 35.6812
1.2245 -3.0546 37.3238
1.482 -2.6792 37.2822
1.5558 -2.1084 37.2623
1.3401 -1.5845 37.2728
0.9319 -1.2337 37.2842
0.4054 -1.1023 37.2679
1.2476 -2.9813 38.911
1.4255 -2.7149 38.8481
1.51 -2.1336 38.8774
1.3523 -1.6692 38.8451
0.9463 -1.2859 38.831
0.7749 -1.2066 38.8411
0.4267 -1.1394 38.8271
1.156 -3.0291 40.5881
1.4723 -2.2269 40.5259
1.2148 -1.5739 40.5194
0.6964 -1.2376 40.5344
0.3842 -1.1881 40.5336
1.1063 -3.0447 42.2562
1.3145 -2.7711 42.1947
1.4195 -2.2174 42.2009
1.2814 -1.7872 42.2233
1.1355 -1.5892 42.2273
0.7181 -1.3236 42.2349
0.2779 -1.2617 42.2381
1.107 -3.0388 43.8273
1.282 -2.7975 43.8021
1.3882 -2.2636 43.7929
1.1173 -1.6549 43.7999
0.523 -1.3382 43.8596
0.1102 -1.3469 43.845
-1.3106 -1.4875 3.7718
-1.4215 -2.4482 3.781
-1.2516 -3.0285 3.7727
-0.9324 -3.4946 3.7686
-0.6083 -3.7785 3.7681
-0.0822 -4.0312 3.7713
0.4942 -4.1207 3.7781
1.1204 -4.0133 3.7894
1.5894 -3.7793 3.7863
1.6431 -3.6656 6.8492
1.1705 -3.9309 6.8297
0.67 -4.0561 6.8449
0.2755 -4.0548 6.8256
-0.5931 -3.7233 6.8175
-0.9272 -3.4214 6.8201
-1.1653 -3.0814 6.8128
-1.367 -2.4809 6.8225
-1.354 -1.8568 6.8168
-1.2867 -1.5788 6.821
-1.2759 -1.6058 7.9708
-1.3556 -2.439 7.9787
-1.2483 -2.8603 7.9737
-0.9563 -3.3605 7.9845
-0.4407 -3.7974 7.9819
0.081 -4.001 7.9987
0.5271 -4.0441 7.9897
1.1481 -3.9217 7.9881
1.4204 -3.7923 7.9946
1.5131 -3.6265 8.9488
0.9522 -3.8922 8.9494
0.4528 -3.9539 8.9581
0.0202 -3.8891 8.9323
-0.4586 -3.677 8.9358
-0.8639 -3.3218 8.9394
-1.105 -2.9377 8.9497
-1.2611 -2.3993 8.9388
-1.2011 -1.6841 8.9649
-1.2048 -1.8535 10.8267
-1.2136 -2.4567 11.029
-0.9297 -3.169 11.0256
-0.4074 -3.6589 11.0157
0.3337 -3.9051 11.0576
0.9065 -3.8543 11.0668
1.4292 -3.6231 11.0633
1.2624 -3.6607 13.3952
0.3266 -3.8577 13.3782
-0.5438 -3.5143 13.3609
-0.9025 -3.1322 13.3626
-1.1079 -2.7079 13.3644
-1.1887 -2.1442 13.3524
-1.0505 -1.6689 15.5981
-0.8873 -3.0776 15.5852
0.0268 -3.7531 15.5931
0.6669 -3.8083 15.5988
1.2933 -3.5877 15.6012
1.3891 -3.4768 17.3052
0.5852 -3.7826 17.2957
-0.5163 -3.442 17.3084
0.1805 -3.7594 17.2887
0.9601 -3.7003 17.2874
-0.7331 -3.2328 17.287
-1.0225 -2.7262 17.2959
-1.0367 -1.736 17.2935
-1.0247 -1.818 18.8798
-0.9018 -2.924 18.8894
-0.4024 -3.4841 18.897
0.5096 -3.7498 18.8914
1.2052 -3.5458 18.8894
1.2697 -3.4659 20.5688
0.4204 -3.7202 20.5601
-0.4515 -3.4121 20.5434
0.8371 -3.6615 20.54
-0.8745 -2.9105 20.5576
-1.0089 -1.8803 20.5586
-0.9912 -1.9141 22.2048
-0.8823 -2.8502 22.206
-0.38 -3.436 22.1896
0.4632 -3.6969 22.1906
1.2077 -3.4739 22.2017
1.2122 -3.4294 23.8774
0.1036 -3.6221 23.8715
0.6745 -3.6474 23.8635
-0.5744 -3.2494 23.8677
-0.9644 -2.5586 23.8767
-0.9839 -2.0042 23.8662
-0.8014 -1.5022 23.8839
-0.9384 -1.9297 25.5674
-0.8251 -2.8478 25.5734
-0.4656 -3.3092 25.5622
0.2287 -3.6219 25.557
0.8191 -3.5783 25.5575
1.1738 -3.4112 25.5634
1.1368 -3.3931 27.2893
0.5832 -3.6011 27.2769
0.0457 -3.5506 27.2832
-0.7252 -2.9705 27.2743
-0.9526 -2.2165 27.2823
-0.8822 -1.848 27.2906
-0.773 -1.6483 28.8047
-0.9148 -2.4155 28.7593
-0.5747 -3.1324 28.7614
0.064 -3.5314 28.7726
0.6271 -3.5682 28.7702
1.0167 -3.4303 28.7721
1.162 -3.3022 30.4759
0.6234 -3.5383 30.4332
0.0674 -3.5055 30.4535
-0.5479 -3.1254 30.4701
-0.7692 -2.7976 30.4522
-0.7663 -1.6996 30.4719
-0.8828 -2.4573 30.4572
-0.7667 -1.7691 32.1429
-0.8598 -2.4461 32.1412
-0.5475 -3.0888 32.1201
-0.0432 -3.442 32.123
0.546 -3.5157 32.1237
1.0687 -3.3242 32.1399
0.9222 -3.3629 33.8053
0.3651 -3.497 33.7849
0.0429 -3.4394 33.8111
-0.4846 -3.1172 33.7821
-0.6987 -2.8257 33.8042
-0.8275 -2.4828 33.7975
-0.7309 -1.7542 33.7941
-0.762 -1.9317 35.6842
-0.6532 -2.8447 35.6773
0.472 -3.4529 35.6655
0.0646 -3.4137 35.6522
0.8891 -3.3326 35.6517
0.9424 -3.2651 37.2687
0.5411 -3.4119 37.2371
0.0892 -3.3927 37.2259
-0.5148 -3.004 37.2478
-0.7876 -2.3214 37.2529
-0.6516 -2.796 37.2613
-0.7584 -2.1376 38.8231
-0.7375 -2.5259 38.8453
-0.5064 -2.9859 38.8112
-0.0451 -3.323 38.8236
0.4288 -3.398 38.8301
0.7452 -3.3263 38.8221
1.0617 -3.1484 38.8418
0.9468 -3.1948 40.5004
0.4604 -3.3786 40.4824
0.0627 -3.3449 40.4778
-0.1729 -3.2496 40.4673
-0.5448 -2.9038 40.4978
-0.7224 -2.4977 40.503
-0.732 -2.1218 40.5121
-0.7131 -2.1259 42.188
-0.503 -2.9585 42.1781
-0.6709 -2.6472 42.1975
-0.0475 -3.3089 42.1879
0.4645 -3.3656 42.1589
0.8775 -3.2145 42.1894
0.8839 -3.2134 43.7634
0.4741 -3.3686 43.7458
-0.0377 -3.3231 43.7276
-0.5154 -2.9579 43.7361
-0.694 -2.5764 43.7621
-0.6546 -1.9876 43.7881
-0.6713 -2.0932 44.9102
-0.4199 -3.0609 44.8037
0.0673 -3.3534 44.7746
0.4507 -3.3671 44.7887
0.8181 -3.2305 44.8143
0.0065 -3.5731 25.4874
