     0.00000    28.95830
     2.15943    28.55260
    47.36020    21.43540
    84.34473    16.89580
    94.22623    15.86310
   113.59974    14.20160
   126.05328    13.24300
   135.27006    12.61070
   139.43618    12.34600
   152.01317    11.55050
   160.79269    11.13570
   169.12200    10.80600
   175.49158    10.59380
   180.90565    10.43370
   186.60146    10.29650
   191.04356    10.21100
   196.41115    10.13240
   200.19982    10.08930
   203.95623    10.05250
   207.69937    10.03640
   210.94587    10.02640
   214.15198    10.02680
   217.73069    10.03310
   221.34656    10.05160
   224.60887    10.08030
   228.02431    10.11610
   231.76986    10.16930
   234.73435    10.22260
   239.56766    10.32760
   244.23388    10.43780
   251.08255    10.63930
   260.27837    10.96920
   267.19829    11.26350
   272.95523    11.53900
   277.50244    11.77340
   293.06432    12.70790
   308.89026    13.88310
   349.62843    17.77520

