114.121
114.113
114.123
114.12
114.112
114.12
114.119
114.119
114.121
114.128
114.133
114.126
114.12
114.115
114.121
114.115
114.114
114.115
114.11
114.115
114.112
114.107
114.105
114.109
114.104
114.104
114.104
114.107
114.111
114.116
114.103
114.119
114.12
114.127
114.13
114.126
114.132
114.126
114.129
114.129
114.121
114.134
114.138
114.12
114.128
114.149
114.132
114.119
114.131
114.14
114.139
114.141
114.132
114.13
114.137
114.134
114.124
114.115
114.111
114.11
114.113
114.103
114.089
114.101
114.109
114.114
114.11
114.116
114.107
114.118
114.11
114.116
114.112
114.111
114.115
114.112
114.111
114.103
114.106
114.096
114.098
114.108
114.101
114.1
114.109
114.108
114.118
114.12
114.114
114.12
114.107
114.119
114.121
114.111
114.125
114.128
114.128
114.121
114.131
114.133
114.134
114.135
114.136
114.125
114.121
114.133
114.12
114.111
114.105
114.099
114.1
114.089
114.099
114.093
114.092
114.111
114.118
114.118
114.122
114.124
114.119
114.111
114.115
114.133
114.124
114.129
114.131
114.132
114.121
114.127
114.122
114.125
114.123
114.118
114.121
114.126
114.118
114.117
114.125
114.126
114.124
114.123
114.13
114.129
114.122
114.128
114.138
114.127
114.124
114.134
114.131
114.123
114.125
114.123
114.13
114.136
114.131
114.131
114.115
114.118
114.108
114.096
114.102
114.096
114.109
114.108
114.109
114.107
114.114
114.123
114.118
114.119
114.121
114.124
114.123
114.123
114.13
114.133
114.124
114.104
114.112
114.137
114.123
114.12
114.116
114.121
114.118
114.12
114.119
114.127
114.121
114.116
114.114
114.111
114.116
114.107
114.107
114.102
114.108
114.099
114.096
114.104
114.107
114.097
114.1
114.098
114.099
114.1
114.106
114.098
114.109
114.114
114.115
114.118
114.109
114.106
114.121
114.114
114.101
114.107
114.109
114.102
114.107
114.099
114.08
114.09
114.087
114.077
114.079
114.069
114.067
114.079
114.078
114.078
114.079
114.085
114.075
114.088
114.099
114.091
114.082
114.097
114.096
114.089
114.106
114.097
114.104
114.1
114.101
114.108
114.1
114.099
114.106
114.109
114.108
114.103
114.102
114.093
114.092
114.091
114.085
114.096
114.094
114.095
114.098
114.096
114.102
114.098
114.106
114.093
114.091
114.091
114.096
114.101
114.103
114.099
114.101
114.097
114.087
114.079
114.073
114.06
114.062
114.06
114.068
114.074
114.077
114.076
114.089
114.087
114.086
114.09
114.1
114.102
114.097
114.102
114.105
114.111
114.1
114.11
114.099
114.099
114.108
114.098
114.09
114.096
114.105
114.109
114.111
114.11
114.105
114.105
114.104
114.096
114.098
114.102
114.097
114.102
114.104
114.103
114.1
114.112
114.104
114.1
114.095
114.101
114.102
114.096
114.097
114.099
114.099
114.098
114.09
114.086
114.103
114.093
114.09
114.098
114.093
114.099
114.101
114.102
114.099
114.097
114.105
114.09
114.1
114.082
114.096
114.09
114.091
114.108
114.106
114.105
114.101
114.099
114.097
114.093
114.097
114.102
114.097
114.097
114.102
114.101
114.094
114.102
114.094
114.103
114.11
114.096
114.102
114.108
114.115
114.108
114.122
114.109
114.124
114.117
114.119
114.094
114.093
114.116
114.104
114.114
114.112
114.117
114.109
114.108
114.107
114.104
114.099
114.11
114.109
114.1
114.106
114.109
114.111
114.101
114.106
114.096
114.096
114.081
114.079
114.092
114.089
114.081
114.081
114.078
114.083
114.098
114.096
114.095
114.1
114.092
114.095
114.082
114.108
114.116
114.108
114.1
114.108
114.101
114.101
114.095
114.091
114.1
114.102
114.1
114.098
114.097
114.088
114.08
114.097
114.094
114.086
114.082
114.088
114.1
114.097
114.097
114.095
114.1
114.099
114.106
114.108
114.106
114.093
114.1
114.11
114.095
114.099
114.089
114.078
114.083
114.09
114.088
114.092
114.084
114.101
114.096
114.095
114.1
114.099
114.089
114.095
114.097
114.104
114.099
114.099
114.099
114.104
114.098
114.087
114.089
114.088
114.094
114.087
114.091
114.088
114.1
114.094
114.103
114.096
114.091
114.087
114.079
114.078
114.077
114.064
114.063
114.068
114.078
114.08
114.073
114.083
114.087
114.094
114.103
114.095
114.093
114.093
114.092
114.102
114.1
114.095
114.099
114.1
114.103
114.096
114.096
114.093
114.096
114.094
114.094
114.093
114.086
114.088
114.094
114.093
114.091
114.079
114.082
114.102
114.098
114.089
114.085
114.076
114.094
114.09
114.09
114.076
114.087
114.09
114.086
114.094
114.092
114.09
114.098
114.101
114.084
114.087
114.095
114.092
114.089
114.081
114.093
114.093
114.099
114.097
114.098
114.105
114.106
114.09
114.099
114.087
114.094
114.09
114.09
114.069
114.065
114.056
114.069
114.069
114.06
114.075
114.082
114.08
114.087
114.095
114.087
114.091
114.104
114.094
114.097
114.105
114.1
114.099
114.099
114.093
114.117
114.113
114.103
114.108
114.092
114.107
114.105
114.098
114.105
114.111
114.102
114.11
114.112
114.104
114.108
114.108
114.11
114.107
114.11
114.099
114.088
114.086
114.085
114.072
114.077
114.076
114.068
114.072
114.081
114.095
114.094
114.093
114.099
114.096
114.097
114.088
114.079
114.071
114.078
114.069
114.062
114.061
114.078
114.084
114.072
114.071
114.087
114.08
114.081
114.081
114.086
114.089
114.079
114.083
114.09
114.09
114.084
114.088
114.095
114.099
114.094
114.098
114.097
114.104
114.095
114.087
114.088
114.096
114.092
114.088
114.091
114.087
114.096
114.089
114.095
114.103
114.098
114.104
114.094
114.108
114.102
114.102
114.099
114.099
114.089
114.091
114.089
114.092
114.074
114.067
114.07
114.078
114.085
114.085
114.09
114.095
114.095
114.098
114.099
114.101
114.101
114.101
114.103
114.096
114.095
114.103
114.1
114.103
114.1
114.106
114.1
114.103
114.11
114.109
114.107
114.099
114.108
114.101
114.103
114.103
114.105
114.098
114.101
114.102
114.096
114.097
114.094
114.102
114.097
114.088
114.093
114.085
114.099
114.101
114.092
114.081
114.087
114.093
114.09
114.087
114.09
114.086
114.094
114.095
114.091
114.097
114.096
114.099
114.093
114.098
114.101
114.096
114.091
114.097
114.086
114.095
114.093
114.091
114.09
114.087
114.102
114.094
114.096
114.098
114.095
114.088
114.092
114.099
114.094
114.086
114.077
114.088
114.089
114.084
114.084
114.079
114.072
114.077
114.076
114.06
114.057
114.055
114.058
114.056
114.05
114.057
114.065
114.056
114.06
114.075
114.075
114.081
114.077
114.087
114.084
114.091
114.092
114.085
114.095
114.092
114.094
114.089
114.093
114.087
114.095
114.092
114.094
114.09
114.093
114.087
114.087
114.084
114.078
114.078
114.078
114.081
114.085
114.09
114.095
114.093
114.106
114.1
114.09
114.102
114.094
114.093
114.097
114.089
114.098
114.1
114.093
114.094
114.099
114.091
114.096
114.091
114.092
114.092
114.081
114.091
114.078
114.071
114.077
114.07
114.066
114.064
114.073
114.075
114.074
114.076
114.077
114.088
114.084
114.088
114.089
114.091
114.09
114.096
114.081
114.081
114.077
114.077
114.071
114.069
114.068
114.065
114.061
114.064
114.061
114.069
114.061
114.075
114.067
114.078
114.083
114.082
114.087
114.081
114.089
114.091
114.09
114.086
114.085
114.085
114.083
114.078
114.08
114.086
114.095
114.088
114.083
114.095
114.09
114.079
114.093
114.093
114.088
114.099
114.082
114.076
114.081
114.085
114.078
114.076
114.088
114.081
114.084
114.094
114.089
114.091
114.091
114.084
114.087
114.081
114.085
114.07
114.067
114.057
114.05
114.042
114.042
114.032
114.036
114.026
114.039
114.049
114.044
114.053
114.048
114.065
114.076
114.072
114.088
114.079
114.09
114.093
114.094
114.088
114.098
114.081
114.072
114.087
114.089
114.086
114.086
114.075
114.068
114.077
114.076
114.074
114.099
114.077
114.08
114.082
114.07
114.08
114.08
114.08
114.075
114.061
114.078
114.1
114.087
114.08
114.074
114.086
114.09
114.088
114.094
114.081
114.089
114.09
114.089
114.085
114.081
114.084
114.09
114.086
114.084
114.087
114.077
114.077
114.08
114.076
114.069
114.08
114.073
114.074
114.077
114.072
114.068
114.05
114.068
114.075
114.076
114.085
114.069
114.07
114.057
114.061
114.064
114.056
114.054
114.056
114.056
114.045
114.042
114.04
114.035
114.029
114.033
114.033
114.026
114.029
114.027
114.023
114.026
114.032
114.037
114.036
114.034
114.038
114.036
114.055
114.043
114.055
114.058
114.051
114.049
114.059
114.056
114.053
114.063
114.055
114.063
114.063
114.061
114.051
114.058
114.062
114.06
114.052
114.054
114.06
114.059
114.053
114.072
114.044
114.052
114.051
114.045
114.051
114.049
114.051
114.046
114.056
114.059
114.061
114.068
114.064
114.071
114.07
114.069
114.068
114.07
114.077
114.066
114.066
114.064
114.059
114.061
114.066
114.054
114.059
114.057
114.062
114.071
114.076
114.074
114.072
114.082
114.079
114.085
114.083
114.072
114.09
114.076
114.07
114.07
114.058
114.056
114.055
114.055
114.068
114.058
114.07
114.088
114.09
114.085
114.081
114.079
114.078
114.081
114.072
114.075
114.075
114.082
114.078
114.082
114.084
114.089
114.095
114.087
114.091
114.087
114.094
114.096
114.096
114.098
114.089
114.1
114.106
114.1
114.109
114.11
114.115
114.097
114.105
114.101
114.098
114.095
114.097
114.095
114.099
114.096
114.1
114.108
114.096
114.098
114.093
114.1
114.102
114.095
114.095
114.1
114.103
114.098
114.108
114.111
114.099
114.102
114.107
114.107
114.098
114.103
114.099
114.097
114.103
114.104
114.103
114.098
114.092
114.105
114.098
114.1
114.095
114.102
114.094
114.081
114.091
114.088
114.092
114.099
114.1
114.098
114.085
114.087
114.078
114.067
114.056
114.054
114.056
114.04
114.04
114.057
114.069
114.075
114.075
114.079
114.078
114.095
114.093
114.086
114.081
114.085
114.097
114.092
114.09
114.083
114.084
114.089
114.08
114.089
114.095
114.09
114.101
114.091
114.098
114.097
114.097
114.084
114.092
114.101
114.097
114.1
114.099
114.099
114.097
114.093
114.103
114.096
114.088
114.098
114.101
114.108
114.102
114.106
114.108
114.106
114.103
114.105
114.103
114.104
114.105
114.099
114.11
114.098
114.107
114.091
114.089
114.085
114.081
114.075
114.067
114.071
114.085
114.09
114.099
114.101
114.104
114.106
114.109
114.109
114.116
114.118
114.097
114.106
114.104
114.097
114.1
114.095
114.091
114.092
114.085
114.089
114.092
114.1
114.102
114.088
114.094
114.094
114.082
114.081
114.084
114.082
114.087
114.087
114.086
114.091
114.09
114.092
114.095
114.083
114.084
114.082
114.084
114.089
114.095
114.085
114.088
114.091
114.087
114.088
114.085
114.088
114.096
114.094
114.092
114.1
114.094
114.096
114.09
114.095
114.095
114.1
114.098
114.104
114.109
114.104
114.098
114.101
114.102
114.101
114.1
114.108
114.102
114.106
114.099
114.092
114.09
114.08
114.075
114.071
114.073
114.063
114.076
114.091
114.09
114.092
114.095
114.099
114.103
114.1
114.108
114.104
114.106
114.104
114.101
114.098
114.107
114.104
