0.016 0.024
0.050 0.024
0.061 0.016
0.072 0.016
0.087 0.008
0.108 0.008
0.125 0.004
0.144 0.004
0.165 0.008
0.178 0.004
0.240 0.004
0.253 0.008
0.301 0.008
0.311 0.004
0.322 0.008
0.334 0.008
0.345 0.016
0.397 0.016
0.407 0.008
0.419 0.016
0.431 0.024
0.442 0.024
0.459 0.016
0.488 0.016
0.499 0.008
0.516 0.016
0.547 0.008
0.601 0.008
0.616 0.004
0.627 0.008
0.639 0.004
0.693 0.004
0.703 -0.004
0.711 0.004
0.721 0.008
0.735 0.004
0.745 0.008
0.765 0.008
0.776 0.004
0.787 0.008
0.797 0.008
0.809 0.016
0.830 0.016
0.839 0.024
0.849 0.024
0.859 0.016
0.880 0.016
0.893 0.024
0.903 0.028
0.913 0.028
0.924 0.024
0.934 0.028
0.943 0.024
0.954 0.028
1.128 0.028
1.140 0.024
1.185 0.024
1.195 0.028
1.205 0.024
1.216 0.028
1.226 0.024
1.236 0.028
1.246 0.028
1.255 0.024
1.268 0.024
1.281 0.028
1.312 0.028
1.322 0.024
1.332 0.028
1.342 0.028
1.352 0.024
1.365 0.028
1.375 0.024
1.395 0.024
1.406 0.028
1.490 0.028
1.502 0.036
1.518 0.036
1.534 0.049
1.552 0.053
1.562 0.049
1.573 0.053
1.584 0.061
1.599 0.065
1.608 0.073
1.630 0.073
1.644 0.085
1.668 0.085
1.683 0.093
1.694 0.097
1.706 0.105
1.720 0.121
1.730 0.130
1.743 0.138
1.756 0.142
1.766 0.150
1.779 0.162
1.793 0.166
1.806 0.178
1.818 0.194
1.831 0.223
1.842 0.235
1.855 0.255
1.870 0.275
1.881 0.299
1.896 0.336
1.907 0.356
1.919 0.376
1.932 0.401
1.944 0.413
1.956 0.433
1.970 0.469
1.982 0.490
1.993 0.506
2.006 0.550
2.019 0.575
2.030 0.595
2.045 0.635
2.057 0.660
2.070 0.704
2.081 0.720
2.092 0.749
2.103 0.773
2.116 0.817
2.128 0.834
2.139 0.854
2.154 0.902
2.167 0.923
2.178 0.947
2.191 0.996
2.204 1.020
2.215 1.040
2.230 1.076
2.241 1.097
2.253 1.121
2.266 1.166
2.276 1.178
2.289 1.206
2.305 1.234
2.316 1.263
2.331 1.291
2.342 1.319
2.355 1.335
2.368 1.380
2.379 1.400
2.392 1.412
2.405 1.445
2.417 1.457
2.428 1.481
2.443 1.514
2.454 1.526
2.466 1.546
2.482 1.582
2.493 1.599
2.506 1.627
2.518 1.647
2.529 1.667
2.544 1.700
2.555 1.724
2.565 1.736
2.576 1.756
2.589 1.785
2.600 1.793
2.610 1.813
2.622 1.829
2.636 1.874
2.646 1.898
2.657 1.914
2.667 1.930
2.677 1.951
2.690 1.975
2.699 1.995
2.709 1.999
2.719 2.019
2.729 2.032
2.740 2.044
2.750 2.056
2.760 2.068
2.769 2.088
2.782 2.125
2.793 2.145
2.803 2.157
2.813 2.169
2.823 2.181
2.832 2.197
2.842 2.214
2.852 2.234
2.865 2.266
2.876 2.282
2.886 2.303
2.896 2.323
2.906 2.339
2.917 2.367
2.927 2.372
2.940 2.404
2.952 2.416
2.962 2.436
2.974 2.452
2.988 2.505
3.001 2.525
3.015 2.550
3.029 2.574
3.049 2.622
3.069 2.622
3.082 2.663
3.091 2.679
3.103 2.699
3.121 2.720
3.132 2.744
3.147 2.768
3.158 2.792
3.169 2.813
3.184 2.837
3.195 2.849
3.207 2.869
3.221 2.894
3.232 2.914
3.244 2.926
3.258 2.958
3.268 2.979
3.278 2.995
3.293 3.023
3.306 3.035
3.317 3.051
3.332 3.080
3.344 3.096
3.359 3.136
3.372 3.153
3.389 3.193
3.402 3.209
3.418 3.262
3.434 3.298
3.447 3.323
3.463 3.355
3.474 3.375
3.492 3.412
3.508 3.448
3.521 3.472
3.537 3.521
3.554 3.565
3.567 3.577
3.578 3.594
3.591 3.598
3.602 3.598
3.612 3.594
3.627 3.598
3.638 3.606
3.650 3.606
3.666 3.638
3.677 3.667
3.689 3.679
3.702 3.723
3.714 3.735
3.727 3.768
3.742 3.812
3.753 3.832
3.768 3.869
3.777 3.877
3.794 3.921
3.806 3.942
3.820 3.974
3.832 3.978
3.850 4.011
3.861 4.023
3.877 4.043
3.889 4.059
3.900 4.071
3.912 4.091
3.922 4.100
3.932 4.112
3.942 4.116
3.952 4.116
3.963 4.124
3.973 4.128
3.983 4.144
3.993 4.148
4.004 4.168
4.017 4.172
4.026 4.180
4.036 4.180
4.046 4.193
4.061 4.229
4.070 4.241
4.082 4.249
4.092 4.261
4.101 4.270
4.112 4.274
4.122 4.282
4.132 4.286
4.145 4.302
4.154 4.298
4.164 4.318
4.174 4.330
4.184 4.334
4.195 4.346
4.205 4.355
4.215 4.346
4.229 4.342
4.241 4.346
4.257 4.375
4.270 4.391
4.285 4.411
4.296 4.423
4.309 4.435
4.322 4.448
4.334 4.456
4.348 4.456
4.361 4.468
4.374 4.476
4.388 4.480
4.400 4.492
4.411 4.512
4.424 4.533
4.461 4.533
4.473 4.524
4.492 4.512
4.507 4.504
4.518 4.500
4.530 4.500
4.544 4.476
4.559 4.456
4.594 4.456
4.604 4.460
4.649 4.460
4.659 4.468
4.669 4.448
4.682 4.419
4.691 4.403
4.701 4.403
4.711 4.399
4.721 4.399
4.732 4.391
4.742 4.379
4.752 4.375
4.762 4.379
4.778 4.387
4.788 4.375
4.799 4.355
4.812 4.342
4.831 4.342
4.842 4.334
4.852 4.322
4.862 4.302
4.872 4.302
4.883 4.298
4.896 4.286
4.911 4.286
4.920 4.298
4.934 4.274
4.944 4.257
4.954 4.241
4.965 4.229
4.975 4.217
4.984 4.209
4.998 4.189
5.028 4.189
5.041 4.176
5.062 4.128
5.073 4.116
5.084 4.096
5.094 4.091
5.109 4.063
5.120 4.059
5.132 4.051
5.148 4.027
5.159 4.027
5.175 4.015
5.187 4.015
5.199 4.006
5.212 4.019
5.224 4.035
5.237 4.047
5.250 4.059
5.261 4.071
5.271 4.075
5.286 4.063
5.299 4.063
5.315 4.027
5.326 4.006
5.338 3.982
5.351 3.970
5.363 3.958
5.375 3.938
5.389 3.934
5.401 3.938
5.412 3.946
5.425 3.946
5.437 3.950
5.450 3.946
5.464 3.934
5.476 3.926
5.490 3.934
5.502 3.946
5.514 3.938
5.527 3.921
5.539 3.913
5.552 3.913
5.566 3.901
5.576 3.901
5.591 3.893
5.601 3.893
5.612 3.889
5.623 3.889
5.637 3.881
5.649 3.869
5.660 3.849
5.675 3.820
5.689 3.808
5.700 3.792
5.713 3.792
5.725 3.788
5.736 3.760
5.752 3.731
5.764 3.707
5.778 3.683
5.789 3.675
5.804 3.675
5.817 3.671
5.830 3.658
5.843 3.618
5.854 3.606
5.867 3.594
5.880 3.602
5.892 3.594
5.903 3.590
5.919 3.549
5.931 3.533
5.945 3.525
5.957 3.517
5.968 3.505
5.982 3.476
5.994 3.456
6.005 3.444
6.020 3.444
6.031 3.436
6.043 3.424
6.056 3.424
6.067 3.432
6.078 3.436
6.092 3.460
6.103 3.468
6.114 3.468
6.124 3.476
6.138 3.476
6.148 3.468
6.161 3.468
6.172 3.476
6.187 3.493
6.198 3.505
6.210 3.505
6.224 3.501
6.236 3.501
6.247 3.513
6.260 3.513
6.272 3.517
6.283 3.517
6.296 3.529
6.308 3.537
6.321 3.541
6.337 3.549
6.348 3.541
6.365 3.553
6.377 3.549
6.390 3.549
6.401 3.541
6.413 3.541
6.427 3.521
6.439 3.517
6.450 3.509
6.466 3.509
6.478 3.505
6.491 3.517
6.504 3.521
6.516 3.529
6.529 3.521
6.541 3.509
6.552 3.505
6.568 3.509
6.580 3.517
6.593 3.521
6.604 3.529
6.649 3.529
6.661 3.521
6.677 3.505
6.688 3.497
6.700 3.480
6.715 3.440
6.726 3.424
6.738 3.395
6.751 3.371
6.763 3.359
6.776 3.347
6.787 3.314
6.799 3.294
6.809 3.278
6.822 3.234
6.836 3.221
6.849 3.205
6.862 3.173
6.875 3.161
6.886 3.149
6.901 3.108
6.912 3.080
6.924 3.059
6.937 3.015
6.948 2.995
6.960 2.983
6.974 2.950
6.986 2.938
7.002 2.894
7.013 2.881
7.026 2.869
7.041 2.845
7.053 2.825
7.067 2.776
7.079 2.752
7.089 2.732
7.102 2.679
7.114 2.655
7.123 2.631
7.136 2.598
7.149 2.529
7.160 2.485
7.169 2.452
7.179 2.428
7.190 2.404
7.199 2.380
7.209 2.367
7.222 2.327
7.232 2.311
7.242 2.282
7.252 2.266
7.261 2.238
7.272 2.222
7.284 2.214
7.297 2.169
7.307 2.153
7.317 2.125
7.327 2.096
7.337 2.068
7.347 2.044
7.357 2.028
7.368 1.999
7.381 1.951
7.391 1.930
7.401 1.914
7.411 1.882
7.420 1.862
7.432 1.841
7.441 1.825
7.454 1.793
7.465 1.773
7.475 1.748
7.485 1.736
7.495 1.712
7.506 1.692
7.516 1.667
7.529 1.619
7.542 1.607
7.560 1.558
7.583 1.501
7.594 1.481
7.604 1.469
7.617 1.449
7.630 1.412
7.641 1.388
7.653 1.368
7.669 1.331
7.680 1.319
7.692 1.307
7.705 1.267
7.716 1.251
7.728 1.222
7.742 1.178
7.754 1.161
7.766 1.137
7.779 1.093
7.791 1.064
7.807 1.016
7.818 0.983
7.831 0.959
7.844 0.890
7.856 0.850
7.867 0.826
7.882 0.769
7.892 0.745
7.905 0.720
7.919 0.680
7.930 0.664
7.941 0.656
7.958 0.631
7.969 0.619
7.984 0.607
7.995 0.599
8.007 0.595
8.020 0.567
8.031 0.554
8.043 0.538
8.057 0.510
8.069 0.498
8.085 0.473
8.095 0.461
8.105 0.453
8.117 0.441
8.130 0.429
8.141 0.425
8.152 0.417
8.167 0.409
8.178 0.409
8.190 0.417
8.206 0.397
8.217 0.384
8.229 0.372
8.243 0.368
8.266 0.368
8.279 0.352
8.291 0.348
8.307 0.340
8.318 0.328
8.331 0.328
8.345 0.324
8.357 0.316
8.371 0.312
8.384 0.304
8.396 0.295
8.410 0.304
8.423 0.312
8.434 0.316
8.447 0.316
8.459 0.312
8.470 0.295
8.485 0.291
8.496 0.291
8.509 0.283
8.522 0.295
8.533 0.304
8.546 0.304
8.561 0.295
8.574 0.279
8.587 0.255
8.597 0.243
8.608 0.231
8.620 0.231
8.632 0.219
8.653 0.219
8.668 0.223
8.718 0.223
8.730 0.231
8.743 0.223
8.757 0.223
8.768 0.235
8.781 0.235
8.791 0.243
8.803 0.251
8.836 0.251
8.854 0.259
8.866 0.255
8.876 0.259
8.886 0.267
8.899 0.283
8.908 0.295
8.918 0.312
8.928 0.316
8.944 0.336
8.954 0.340
8.964 0.352
8.975 0.360
8.985 0.368
8.995 0.372
9.004 0.380
9.014 0.384
9.077 0.384
9.087 0.380
9.102 0.380
9.113 0.372
9.155 0.372
9.165 0.380
9.178 0.393
9.186 0.380
9.198 0.372
9.207 0.368
9.217 0.360
9.227 0.348
9.238 0.336
9.248 0.324
9.261 0.304
9.282 0.304
9.295 0.295
9.309 0.291
9.322 0.295
9.337 0.283
9.348 0.291
9.361 0.283
9.375 0.271
9.386 0.267
9.398 0.267
9.411 0.239
9.422 0.227
9.435 0.223
9.448 0.202
9.460 0.190
9.471 0.182
9.485 0.158
9.498 0.142
9.510 0.125
9.523 0.089
9.534 0.069
9.546 0.057
9.562 0.045
9.573 0.032
9.588 0.012
9.598 0.012
9.609 -0.004
9.620 -0.008
9.633 -0.008
9.643 -0.004
9.666 -0.004
9.682 0.012
9.692 0.008
9.703 0.008
9.716 0.012
9.724 0.020
9.734 0.028
9.755 0.028
9.765 0.032
9.775 0.032
9.785 0.045
9.798 0.057
9.820 0.057
9.828 0.065
9.839 0.057
9.903 0.057
9.912 0.053
9.923 0.040
9.933 0.045
9.943 0.053
9.977 0.053
9.987 0.057
9.997 0.057
10.007 0.065
10.018 0.065
10.030 0.081
10.041 0.085
10.051 0.093
10.064 0.097
10.080 0.105
10.096 0.109
10.114 0.109
10.125 0.121
10.135 0.109
10.145 0.105
10.160 0.121
10.198 0.121
10.210 0.109
10.221 0.109
10.236 0.097
10.247 0.085
10.259 0.085
10.272 0.073
10.285 0.065
10.295 0.073
10.311 0.061
10.324 0.061
10.337 0.065
10.349 0.061
10.361 0.053
10.375 0.053
10.387 0.040
10.398 0.040
10.411 0.036
10.460 0.036
10.472 0.040
10.486 0.036
10.498 0.040
10.509 0.040
10.524 0.049
10.535 0.049
10.547 0.053
10.560 0.061
10.571 0.065
10.654 0.065
10.666 0.061
10.676 0.053
10.694 0.053
10.708 0.049
10.720 0.040
