4.718
4.719
4.721
4.720
4.719
4.719
4.719
4.718
4.721
4.722
4.722
4.722
4.717
4.716
4.713
4.714
4.710
4.709
4.705
4.703
4.705
4.706
4.707
4.708
4.711
4.710
4.710
4.713
4.715
4.718
4.722
4.722
4.722
4.722
4.723
4.723
4.724
4.725
4.721
4.720
4.720
4.721
4.720
4.720
4.721
4.724
4.722
4.725
4.722
4.722
4.720
4.715
4.711
4.707
4.702
4.697
4.692
4.695
4.696
4.701
4.705
4.708
4.714
4.713
4.712
4.716
4.710
4.713
4.712
4.711
4.708
4.705
4.700
4.695
4.699
4.700
4.701
4.704
4.707
4.710
4.713
4.714
4.718
4.713
4.715
4.717
4.714
4.716
4.715
4.719
4.723
4.723
4.722
4.726
4.725
4.729
4.723
4.719
4.720
4.712
4.707
4.705
4.695
4.699
4.699
4.698
4.708
4.716
4.717
4.717
4.718
4.718
4.719
4.718
4.721
4.720
4.725
4.725
4.723
4.725
4.724
4.725
4.726
4.724
4.727
4.724
4.723
4.727
4.721
4.722
4.727
4.735
4.732
4.735
4.736
4.727
4.728
4.725
4.727
4.731
4.731
4.727
4.728
4.731
4.728
4.728
4.726
4.718
4.716
4.705
4.703
4.702
4.704
4.709
4.708
4.709
4.712
4.717
4.715
4.720
4.718
4.719
4.713
4.714
4.716
4.716
4.722
4.722
4.718
4.714
4.714
4.716
4.718
4.717
4.716
4.710
4.715
4.711
4.708
4.705
4.710
4.710
4.707
4.709
4.706
4.710
4.711
4.707
4.708
4.710
4.708
4.707
4.711
4.714
4.714
4.715
4.713
4.717
4.720
4.717
4.721
4.724
4.724
4.722
4.720
4.721
4.719
4.711
4.714
4.707
4.707
4.701
4.698
4.694
4.695
4.697
4.696
4.699
4.703
4.706
4.705
4.708
4.713
4.715
4.717
4.718
4.719
4.721
4.715
4.718
4.717
4.717
4.717
4.718
4.717
4.717
4.716
4.715
4.718
4.712
4.711
4.712
4.711
4.712
4.712
4.712
4.718
4.712
4.711
4.716
4.713
4.716
4.714
4.713
4.714
4.713
4.712
4.713
4.710
4.707
4.701
4.698
4.692
4.690
4.686
4.687
4.687
4.690
4.694
4.699
4.707
4.713
4.718
4.721
4.722
4.722
4.722
4.723
4.721
4.721
4.722
4.718
4.725
4.723
4.723
4.722
4.721
4.724
4.723
4.724
4.721
4.718
4.721
4.722
4.727
4.722
4.723
4.719
4.719
4.724
4.723
4.724
4.726
4.724
4.721
4.726
4.724
4.722
4.722
4.722
4.715
4.718
4.717
4.713
4.714
4.713
4.705
4.715
4.712
4.710
4.710
4.707
4.713
4.714
4.720
4.713
4.710
4.713
4.717
4.721
4.716
4.716
4.715
4.715
4.715
4.719
4.724
4.717
4.720
4.719
4.722
4.715
4.720
4.722
4.725
4.719
4.723
4.725
4.724
4.723
4.728
4.726
4.726
4.729
4.726
4.723
4.721
4.715
4.717
4.724
4.720
4.723
4.720
4.717
4.724
4.719
4.713
4.720
4.723
4.718
4.727
4.721
4.719
4.717
4.711
4.708
4.700
4.698
4.700
4.702
4.704
4.707
4.712
4.712
4.716
4.721
4.717
4.715
4.715
4.716
4.718
4.719
4.719
4.717
4.715
4.712
4.711
4.710
4.715
4.712
4.710
4.710
4.713
4.714
4.710
4.716
4.717
4.716
4.715
4.721
4.717
4.722
4.720
4.722
4.719
4.719
4.718
4.717
4.715
4.714
4.713
4.710
4.707
4.709
4.707
4.708
4.706
4.709
4.710
4.709
4.712
4.713
4.713
4.718
4.720
4.717
4.717
4.718
4.714
4.722
4.719
4.719
4.713
4.717
4.716
4.716
4.721
4.718
4.721
4.721
4.715
4.715
4.711
4.703
4.703
4.697
4.702
4.701
4.709
4.714
4.718
4.718
4.722
4.723
4.720
4.723
4.730
4.722
4.725
4.722
4.719
4.721
4.720
4.719
4.720
4.715
4.720
4.714
4.712
4.717
4.709
4.708
4.712
4.713
4.712
4.714
4.714
4.714
4.712
4.715
4.714
4.714
4.712
4.716
4.713
4.715
4.707
4.716
4.715
4.719
4.714
4.721
4.712
4.713
4.715
4.715
4.713
4.714
4.711
4.717
4.719
4.720
4.717
4.718
4.722
4.724
4.713
4.712
4.708
4.702
4.697
4.691
4.692
4.693
4.696
4.702
4.705
4.713
4.712
4.714
4.715
4.720
4.715
4.719
4.718
4.718
4.721
4.721
4.718
4.723
4.720
4.722
4.723
4.721
4.722
4.724
4.722
4.724
4.725
4.725
4.723
4.727
4.725
4.726
4.726
4.722
4.719
4.716
4.708
4.701
4.693
4.690
4.686
4.686
4.693
4.700
4.704
4.710
4.715
4.716
4.710
4.707
4.699
4.696
4.689
4.692
4.689
4.693
4.696
4.700
4.704
4.706
4.705
4.705
4.703
4.703
4.706
4.706
4.709
4.710
4.711
4.714
4.712
4.711
4.710
4.709
4.710
4.709
4.709
4.707
4.706
4.707
4.708
4.710
4.711
4.710
4.712
4.715
4.712
4.719
4.720
4.717
4.718
4.718
4.713
4.710
4.706
4.699
4.697
4.696
4.693
4.692
4.693
4.696
4.702
4.701
4.705
4.707
4.709
4.713
4.715
4.714
4.715
4.715
4.715
4.713
4.715
4.716
4.718
4.715
4.716
4.719
4.721
4.716
4.714
4.711
4.712
4.711
4.712
4.711
4.710
4.708
4.705
4.708
4.708
4.707
4.710
4.707
4.709
4.710
4.711
4.714
4.710
4.707
4.703
4.703
4.701
4.703
4.706
4.707
4.709
4.708
4.711
4.715
4.715
4.713
4.713
4.718
4.721
4.719
4.720
4.716
4.718
4.719
4.718
4.714
4.719
4.714
4.717
4.722
4.719
4.714
4.718
4.718
4.720
4.715
4.711
4.716
4.716
4.715
4.709
4.710
4.710
4.706
4.702
4.695
4.690
4.687
4.681
4.683
4.684
4.690
4.696
4.696
4.702
4.705
4.707
4.709
4.712
4.716
4.716
4.719
4.719
4.718
4.717
4.716
4.715
4.717
4.713
4.714
4.714
4.710
4.707
4.709
4.707
4.703
4.703
4.704
4.703
4.706
4.709
4.715
4.713
4.717
4.716
4.721
4.716
4.716
4.712
4.714
4.712
4.711
4.714
4.711
4.714
4.713
4.709
4.711
4.704
4.707
4.703
4.699
4.692
4.686
4.681
4.691
4.696
4.700
4.700
4.705
4.705
4.709
4.714
4.715
4.713
4.716
4.718
4.710
4.711
4.703
4.705
4.700
4.693
4.695
4.691
4.692
4.691
4.696
4.695
4.700
4.704
4.708
4.712
4.710
4.714
4.711
4.706
4.710
4.707
4.710
4.711
4.710
4.712
4.714
4.718
4.718
4.720
4.719
4.721
4.724
4.718
4.718
4.717
4.713
4.716
4.713
4.715
4.714
4.713
4.715
4.713
4.716
4.717
4.714
4.715
4.721
4.719
4.718
4.715
4.711
4.705
4.697
4.690
4.685
4.675
4.673
4.672
4.667
4.669
4.672
4.679
4.688
4.692
4.696
4.701
4.705
4.715
4.718
4.717
4.719
4.721
4.723
4.720
4.721
4.721
4.719
4.716
4.716
4.714
4.713
4.710
4.713
4.715
4.714
4.716
4.716
4.714
4.717
4.719
4.713
4.714
4.717
4.719
4.717
4.719
4.722
4.714
4.717
4.718
4.717
4.718
4.720
4.721
4.720
4.720
4.718
4.718
4.718
4.716
4.718
4.717
4.720
4.719
4.718
4.714
4.715
4.717
4.714
4.711
4.712
4.711
4.710
4.713
4.712
4.715
4.718
4.716
4.715
4.711
4.707
4.705
4.703
4.700
4.696
4.694
4.688
4.685
4.681
4.677
4.675
4.671
4.663
4.671
4.671
4.673
4.677
4.680
4.684
4.686
4.688
4.687
4.694
4.696
4.697
4.702
4.705
4.702
4.704
4.704
4.703
4.701
4.697
4.699
4.702
4.696
4.696
4.697
4.704
4.699
4.698
4.697
4.691
4.697
4.694
4.694
4.690
4.691
4.692
4.694
4.693
4.696
4.697
4.701
4.703
4.703
4.709
4.711
4.710
4.710
4.709
4.705
4.703
4.700
4.695
4.693
4.694
4.690
4.689
4.695
4.701
4.701
4.706
4.710
4.713
4.713
4.715
4.714
4.713
4.709
4.702
4.693
4.688
4.682
4.681
4.682
4.688
4.693
4.698
4.703
4.711
4.712
4.713
4.713
4.713
4.713
4.712
4.712
4.712
4.710
4.712
4.714
4.714
4.715
4.718
4.717
4.717
4.720
4.722
4.717
4.718
4.718
4.718
4.717
4.719
4.720
4.719
4.717
4.718
4.715
4.715
4.715
4.714
4.714
4.714
4.714
4.718
4.718
4.717
4.719
4.718
4.721
4.718
4.720
4.721
4.720
4.722
4.719
4.719
4.723
4.724
4.722
4.724
4.724
4.722
4.723
4.720
4.721
4.722
4.721
4.718
4.722
4.720
4.717
4.718
4.712
4.713
4.715
4.710
4.713
4.717
4.717
4.711
4.710
4.702
4.693
4.683
4.673
4.669
4.664
4.665
4.677
4.683
4.689
4.697
4.703
4.707
4.708
4.712
4.711
4.708
4.710
4.712
4.714
4.713
4.715
4.713
4.713
4.714
4.716
4.715
4.715
4.714
4.716
4.713
4.713
4.712
4.710
4.710
4.709
4.708
4.711
4.715
4.715
4.720
4.721
4.716

4.718
4.719
4.721
4.721
4.717
4.717
4.719
4.716
4.724
4.725
4.725
4.727
4.722
4.710
4.706
4.700
4.698
4.694
4.694
4.696
4.699
4.705
4.707
4.718
4.720
4.724
4.722
4.723
4.721
4.721
4.718
4.721
4.719
4.717
4.716
4.716
4.714
4.713
4.712
4.718
4.711
4.709
4.709
4.706
4.706
4.701
4.707
4.706
4.713
4.715
4.714
4.710
4.713
4.713
4.710
4.710
4.707
4.705
4.709
4.711
4.707
4.711
4.711
4.711
4.710
4.709
4.711
4.710
4.711
4.714
4.714
4.715
4.717
4.717
4.718
4.718
4.717
4.718
4.719
4.721
4.721
4.720
4.720
4.720
4.717
4.715
4.713
4.705
4.701
4.695
4.688
4.684
4.685
4.688
4.694
4.697
4.701
4.707
4.709
4.711
4.715
4.717
4.718
4.717
4.718
4.717
4.719
4.718
4.718
