 75.300  37.650 119.763 111.894 0.033
 77.647  45.181 119.299 111.581 0.036
 81.951  38.253 119.619 111.738 0.034
 85.289  41.515 119.368 111.609 0.036
 85.975  33.591 119.546 111.635 0.034
 88.519  27.405 119.506 111.819 0.033
 66.836  37.795 119.878 111.795 0.033
 90.818  39.041 119.213 111.381 0.036
 78.673  31.537 119.767 111.812 0.032
 91.291  46.226 118.625 111.303 0.039
 82.080  47.274 119.018 111.538 0.038
 91.474  32.873 119.369 111.713 0.034
 86.123  49.705 118.565 111.156 0.039
 98.813  42.015 118.505 111.351 0.038
 76.777  49.546 119.131 111.481 0.038
 69.046  32.091 119.929 111.940 0.032
 98.380  34.637 118.944 111.478 0.036
 95.795  45.930 118.425 111.294 0.039
 83.136  26.130 119.865 111.818 0.032
 92.490  25.525 119.285 111.823 0.033
 65.146  25.471 119.873 111.781 0.030
 62.805  31.088 120.002 111.883 0.031
 98.149  26.241 118.908 111.661 0.034
 63.799  20.063 119.782 111.987 0.030
 58.235  27.273 119.948 111.885 0.030
 62.629  43.866 119.801 111.864 0.035
 55.460  41.654 119.833 111.900 0.034
 53.856  23.095 119.910 112.079 0.030
 70.201  21.710 119.780 111.888 0.031
 71.296  27.086 120.035 111.785 0.031
 76.651  27.375 119.952 111.948 0.031
 70.836  43.816 119.694 111.655 0.035
 82.799  18.941 119.309 111.952 0.032
 51.983  28.823 120.140 111.968 0.031
 60.191  36.504 119.835 111.952 0.032
 59.302  20.037 119.818 112.073 0.030
 61.081  48.085 119.695 111.711 0.037
 78.080  20.081 119.610 111.867 0.031
 73.921  17.472 119.432 111.923 0.031
 87.185  21.727 119.393 111.895 0.032
 73.381  31.006 119.969 111.750 0.032
 71.135  48.619 119.373 111.616 0.037
 55.428  31.571 119.980 111.825 0.031
 53.991  36.074 119.899 111.937 0.032
 49.640  40.406 119.926 111.811 0.034
 79.916  12.768 118.987 111.861 0.032
 46.185  36.759 119.992 111.819 0.033
 76.766   9.389 118.588 111.899 0.032
 95.232  29.846 119.173 111.736 0.034
 90.886  15.575 118.833 111.866 0.033
 44.833  42.879 119.836 111.769 0.035
 96.281  20.899 118.844 111.760 0.034
 38.580  43.439 119.741 111.690 0.035
 76.431   1.056 117.697 111.507 0.034
 81.778   7.112 118.227 111.635 0.033
 95.896   9.329 118.194 111.628 0.034
 83.768   0.561 117.589 111.501 0.035
 61.848  15.843 119.443 112.177 0.030
 99.618   6.523 117.640 111.596 0.036
 53.266  48.722 119.916 111.666 0.037
 99.367   0.587 116.995 111.348 0.037
 55.464  15.841 119.414 111.929 0.030
 41.292  32.041 120.029 111.983 0.032
 91.211   8.431 118.220 111.674 0.034
 65.664  48.942 119.504 111.483 0.037
 45.970  27.425 120.113 111.931 0.031
 72.523  10.506 118.733 111.867 0.031
 84.802  10.363 118.598 111.911 0.033
 61.244   9.313 118.491 111.967 0.031
 67.757  11.436 118.841 111.986 0.031
 73.315   5.711 118.277 111.817 0.032
 86.139  14.640 118.935 111.870 0.032
 70.167   2.466 117.830 111.663 0.033
 91.454   2.102 117.498 111.420 0.035
 65.974   5.792 118.183 111.723 0.032
 42.301  39.044 119.981 111.754 0.033
 35.211  34.704 119.897 111.822 0.033
 86.797   5.962 118.029 111.578 0.034
 98.384  15.796 118.558 111.699 0.034
 61.323   1.630 117.740 111.518 0.033
 56.814  46.041 119.877 111.731 0.036
 46.407  19.972 120.107 112.010 0.030
 39.677  22.927 120.228 112.052 0.031
 28.518  35.133 119.690 111.615 0.033
 37.790  29.017 120.111 111.870 0.031
 47.866  32.301 120.096 111.965 0.031
 32.931  40.505 119.653 111.647 0.035
 49.263  15.739 119.476 112.160 0.030
 23.650  37.919 119.379 111.483 0.035
 44.754  49.945 119.918 111.539 0.038
 94.915  37.303 118.981 111.457 0.036
 33.407  23.570 119.983 111.899 0.031
 48.424  46.404 119.896 111.762 0.036
 32.841  29.387 119.992 111.855 0.032
 31.076  47.209 119.393 111.443 0.037
 55.101   4.464 117.993 111.673 0.032
 24.170  44.224 119.187 111.363 0.037
 28.249  41.671 119.341 111.552 0.035
 40.129  47.719 119.777 111.651 0.037
 25.113  49.542 119.070 111.336 0.039
 27.324  26.780 119.743 111.758 0.032
 19.079  47.754 118.915 111.180 0.039
 39.654  18.395 119.998 111.982 0.031
 12.854  45.833 118.708 111.155 0.039
 22.861  30.830 119.399 111.593 0.033
 26.108  20.718 119.722 111.714 0.032
 45.288  13.421 119.401 112.132 0.031
 15.745  34.821 118.930 111.329 0.035
 49.641   2.411 117.872 111.764 0.033
 47.619   8.391 118.673 112.040 0.031
 16.395  26.120 119.164 111.565 0.033
 67.415  15.911 119.355 111.888 0.030
 18.222  38.770 119.102 111.485 0.036
 12.607  20.957 119.071 111.543 0.034
 14.018  40.611 118.902 111.349 0.037
 56.587  11.597 118.833 111.991 0.031
 34.914  16.520 119.821 111.959 0.031
 35.371  10.992 119.195 111.894 0.031
 35.451  49.633 119.641 111.487 0.038
  6.236  38.675 118.730 111.197 0.038
  8.171  31.276 118.730 111.349 0.036
  5.720  46.767 118.491 110.939 0.041
 33.979   3.521 118.231 111.921 0.033
 44.927   2.878 118.039 111.822 0.033
 52.563   9.832 118.698 112.020 0.031
 25.572  14.508 119.401 111.817 0.032
 39.919   9.164 118.890 112.055 0.031
 30.518  10.699 119.092 111.909 0.032
  3.466  31.190 118.676 111.295 0.037
  3.031  22.722 118.606 111.351 0.036
  0.498  36.278 118.556 111.072 0.038
  0.714  41.909 118.470 110.994 0.040
 27.271   6.628 118.466 111.819 0.033
 10.066  36.046 118.904 111.366 0.036
 17.460  17.725 119.185 111.626 0.033
 39.685   3.683 118.178 111.853 0.033
 30.321  17.564 119.731 111.830 0.031
  8.224  16.030 118.803 111.410 0.035
  9.262  23.837 118.957 111.438 0.035
 18.902  10.005 118.676 111.602 0.034
 12.843  30.946 119.105 111.424 0.035
 19.695  22.789 119.324 111.605 0.033
  5.528  26.585 118.736 111.149 0.036
 13.222  10.713 118.562 111.506 0.034
 20.578   2.803 117.988 111.652 0.035
 14.659   1.158 117.693 111.373 0.036
  1.226  13.587 118.166 111.150 0.036
 26.264   0.705 117.853 111.622 0.035
  9.117   7.237 118.074 111.446 0.036
 23.674  10.227 118.932 111.777 0.033
  4.810   8.169 118.085 111.378 0.036
 13.387   6.210 118.209 111.561 0.035
  5.346   2.970 117.639 111.320 0.038
 10.451   2.482 117.650 111.461 0.037
  0.025   9.065 117.802 111.242 0.037
 17.358  30.502 119.229 111.462 0.034
  0.975   4.627 117.464 111.144 0.038
